;Incident Number;Date;Time;Police District;Offense 1;Offense 2;Offense 3;Offense 4;Offense 5;Location;Address
0;90590028;02/28/2009;08:59 AM;5.0;THEFT OF MOTOR VEHICLE PARTS/ACCESSORIES;;;;;[43.094484136274474, -87.94681389353127];4276 N 27TH ST
1;90590106;02/28/2009;06:51 PM;7.0;THEFT FROM MOTOR VEHICLE;;;;;[43.0972881202978, -87.9469844363963];2700 W ATKINSON AV
2;90580059;02/27/2009;11:27 AM;5.0;THEFT OF MOTOR VEHICLE PARTS/ACCESSORIES;;;;;[43.10187070278124, -87.94283461460572];2432 W CORNELL ST
3;90570002;02/26/2009;12:25 AM;7.0;THEFT OF MOTOR VEHICLE PARTS/ACCESSORIES;;;;;[43.104683460470746, -87.96544132944774];4208 W HAMPTON AV
4;90570025;02/26/2009;08:01 AM;4.0;THEFT OF MOTOR VEHICLE PARTS/ACCESSORIES;;;;;[43.11923446826101, -87.9538635];3232 W SILVER SPRING DR
5;90570091;02/26/2009;04:28 PM;5.0;THEFT OF MOTOR VEHICLE PARTS/ACCESSORIES;;;;;[43.08978762106314, -87.93883689398197];4000 N TEUTONIA AV
6;90570093;02/26/2009;04:46 PM;5.0;THEFT OF MOTOR VEHICLE PARTS/ACCESSORIES;;;;;[43.10214018096827, -87.9315805547927];4682 N PARKWAY AV
7;90560092;02/25/2009;03:49 PM;4.0;THEFT OF MOTOR VEHICLE PARTS/ACCESSORIES;;;;;[43.118558580904846, -87.96342637910455];5550 N 41ST ST
8;90550056;02/24/2009;12:07 PM;7.0;THEFT OF MOTOR VEHICLE PARTS/ACCESSORIES;;;;;[43.110953687460494, -87.94769566720538];5148 N 28TH ST
9;90550065;02/24/2009;12:38 PM;5.0;THEFT OF MOTOR VEHICLE PARTS/ACCESSORIES;;;;;[43.10595095509258, -87.9406568717606];2310 W LINWAL LA
10;90550078;02/24/2009;02:03 PM;7.0;THEFT OF MOTOR VEHICLE PARTS/ACCESSORIES;;;;;[43.106304301209285, -87.95660182895494];3501 W MOTHER DANIELS WA #203
11;90540074;02/23/2009;11:58 AM;5.0;THEFT OF MOTOR VEHICLE PARTS/ACCESSORIES;;;;;[43.09061352037067, -87.93744060355453];2027 W ATKINSON AV
12;90540126;02/23/2009;04:36 PM;4.0;THEFT OF MOTOR VEHICLE PARTS/ACCESSORIES;;;;;[43.144713366639735, -87.96571862868574];6971 N 43RD ST
13;90530032;02/22/2009;09:45 AM;4.0;THEFT FROM MOTOR VEHICLE;;;;;[43.147845754371275, -87.9656306614343];7155 N 43RD ST
14;90520057;02/21/2009;09:32 AM;7.0;THEFT FROM MOTOR VEHICLE;;;;;[43.11095372799936, -87.94769571048555];5154 N 28TH ST
15;90520092;02/21/2009;03:39 PM;7.0;THEFT FROM MOTOR VEHICLE;;;;;[43.111788539529265, -87.94674335789716];2701 W VILLARD AV
16;90510019;02/20/2009;06:50 AM;4.0;THEFT FROM MOTOR VEHICLE;;;;;[43.14185268717217, -87.95635084705677];6827 N DARIEN ST #3
17;90510047;02/20/2009;11:23 AM;4.0;THEFT FROM MOTOR VEHICLE;;;;;[43.13424255643749, -87.95590632647624];3465 W MILL RD
18;90510067;02/20/2009;02:28 PM;4.0;THEFT OF MOTOR VEHICLE PARTS/ACCESSORIES;;;;;[43.11348400582838, -87.95763957372014];5277 N 36TH ST
19;90500066;02/19/2009;12:18 PM;7.0;THEFT FROM MOTOR VEHICLE;;;;;[43.1082275115412, -87.95205072300767];3110 W FAIRMOUNT AV
20;90490137;02/18/2009;08:50 PM;4.0;THEFT OF MOTOR VEHICLE PARTS/ACCESSORIES;;;;;[43.1119074532574, -87.95540233236193];3400 W VILLARD AV
21;90480035;02/17/2009;09:01 AM;5.0;THEFT OF MOTOR VEHICLE PARTS/ACCESSORIES;;;;;[43.0968234532574, -87.93076063627446];1604 W CONGRESS ST
22;90470038;02/16/2009;11:03 AM;4.0;THEFT FROM MOTOR VEHICLE;;;;;[43.11211328677317, -87.94123985954194];2350 W VILLARD AV
23;90460071;02/15/2009;01:18 PM;4.0;THEFT OF MOTOR VEHICLE PARTS/ACCESSORIES;;;;;[43.12190632944774, -87.96336435356932];5716 N 41ST ST
24;90460138;02/15/2009;09:04 PM;4.0;THEFT OF MOTOR VEHICLE PARTS/ACCESSORIES;;;;;[43.14358432845314, -87.95702185311866];6937 N 37TH ST
25;90450099;02/14/2009;03:29 PM;5.0;THEFT OF MOTOR VEHICLE PARTS/ACCESSORIES;;;;;[43.1031475434244, -87.93247165805877];4727 N PARKWAY AV
26;90450108;02/14/2009;04:40 PM;7.0;THEFT OF MOTOR VEHICLE PARTS/ACCESSORIES;;;;;[43.111912528420774, -87.96971152553522];4519 W VILLARD AV
27;90440079;02/13/2009;02:11 PM;5.0;THEFT FROM MOTOR VEHICLE;;;;;[43.10445030606816, -87.93142895904172];4803 N GREEN BAY AV
28;90430026;02/12/2009;07:57 AM;4.0;THEFT FROM MOTOR VEHICLE;;;;;[43.12007949708581, -87.96339585356932];5636 N 41ST ST
29;90430097;02/12/2009;03:57 PM;5.0;THEFT FROM MOTOR VEHICLE;;;;;[43.09399677367502, -87.93350891822978];1801 W OLIVE ST
30;90430106;02/12/2009;03:53 PM;5.0;THEFT FROM MOTOR VEHICLE;;;;;[43.09399677367502, -87.93350891822978];1801 W OLIVE ST
31;90430112;02/12/2009;05:35 PM;4.0;THEFT FROM MOTOR VEHICLE;;;;;[43.12592265316018, -87.95605296269468];5966 N 35TH ST
32;90420105;02/11/2009;02:29 PM;7.0;THEFT OF MOTOR VEHICLE PARTS/ACCESSORIES;;;;;[43.10802058673323, -87.95899963200395];4973 N 37TH ST
33;90420132;02/11/2009;05:07 PM;5.0;THEFT OF MOTOR VEHICLE PARTS/ACCESSORIES;;;;;[43.10699508964743, -87.93695811368208];4919 N 20TH ST
34;90410088;02/10/2009;04:41 PM;5.0;THEFT OF MOTOR VEHICLE PARTS/ACCESSORIES;;;;;[43.1018867679613, -87.93153043799394];4671 N PARKWAY AV
35;90410097;02/10/2009;05:24 PM;5.0;THEFT OF MOTOR VEHICLE PARTS/ACCESSORIES;;;;;[43.09399677367502, -87.93350891822978];1801 W OLIVE ST
36;90400041;02/09/2009;11:35 AM;5.0;THEFT OF MOTOR VEHICLE PARTS/ACCESSORIES;;;;;[43.10824347879261, -87.93353297155058];1818 W FAIRMOUNT AV
37;90400085;02/09/2009;04:14 PM;4.0;THEFT OF MOTOR VEHICLE PARTS/ACCESSORIES;;;;;[43.128279115182636, -87.96095862479058];6073 N 39TH ST
38;90400119;02/09/2009;05:52 PM;4.0;THEFT FROM BUILDING;;;;;[43.14248390487427, -87.95864437533686];3815 W CHEYENNE ST #4
39;90390141;02/08/2009;09:14 PM;5.0;THEFT FROM MOTOR VEHICLE;;;;;[43.10825946768411, -87.93551288773155];1958 W FAIRMOUNT AV
40;90380047;02/07/2009;09:37 AM;4.0;THEFT FROM MOTOR VEHICLE;;;;;[43.11480047013695, -87.94806227699232];2801 W CUSTER AV
41;90370046;02/06/2009;09:37 AM;5.0;THEFT OF MOTOR VEHICLE PARTS/ACCESSORIES;;;;;[43.09599580099834, -87.93049291185314];4346 N 16TH ST
42;90370059;02/06/2009;12:25 PM;5.0;THEFT OF MOTOR VEHICLE PARTS/ACCESSORIES;;;;;[43.09084870191586, -87.9343875337582];4057 N 19TH ST #A
43;90360016;02/05/2009;06:33 AM;5.0;THEFT FROM MOTOR VEHICLE;;;;;[43.09092537090508, -87.94081108986833];4078 N 23RD ST
44;90360026;02/05/2009;09:58 AM;4.0;THEFT OF MOTOR VEHICLE PARTS/ACCESSORIES;;;;;[43.11741350432782, -87.96021397446478];3800 W SHERIDAN AV
45;90350101;02/04/2009;05:34 PM;5.0;THEFT OF MOTOR VEHICLE PARTS/ACCESSORIES;;;;;[43.1060921591534, -87.93282105768323];4884 N 18TH ST
46;90340082;02/03/2009;04:28 PM;5.0;THEFT OF MOTOR VEHICLE PARTS/ACCESSORIES;;;;;[43.0920447799065, -87.94348062479058];4121 N 24TH PL
47;90330090;02/02/2009;10:52 AM;4.0;THEFT FROM BUILDING;;;;;[43.13662113044609, -87.96583444070657];6542 N 43RD ST
48;90330099;02/02/2009;01:58 PM;7.0;THEFT OF MOTOR VEHICLE PARTS/ACCESSORIES;;;;;[43.10471346768411, -87.96928033236193];4502 W HAMPTON AV
49;90330116;02/02/2009;03:07 PM;7.0;THEFT FROM MOTOR VEHICLE;;;;;[43.10991627207026, -87.96375177207025];4100 W LANCASTER AV
50;90590064;02/28/2009;01:43 PM;3.0;THEFT OF MOTOR VEHICLE PARTS/ACCESSORIES;;;;;[43.02731797446478, -88.00715536799605];452 S 76TH ST
51;90590114;02/28/2009;08:10 PM;7.0;THEFT OF MOTOR VEHICLE PARTS/ACCESSORIES;;;;;[43.073474483841586, -87.9761812590745];5000 W CHAMBERS ST
52;90580057;02/27/2009;11:49 AM;7.0;THEFT OF MOTOR VEHICLE PARTS/ACCESSORIES;;;;;[43.08781558673323, -87.99589160646872];3873 N 67TH ST
53;90580101;02/27/2009;05:54 PM;3.0;THEFT OF MOTOR VEHICLE PARTS/ACCESSORIES;DESTRUCTION/DAMAGE/VANDALISM OF PROPERTY;;;;[43.06738486372555, -87.98218010646872];2657 N 55TH ST
54;90570056;02/26/2009;12:17 PM;7.0;THEFT OF MOTOR VEHICLE PARTS/ACCESSORIES;;;;;[43.07148799417163, -87.97853491185313];2880 N 52ND ST
55;90570083;02/26/2009;03:08 PM;3.0;THEFT FROM MOTOR VEHICLE;;;;;[43.02551658090485, -88.00715245282562];620 S 76TH ST
56;90570119;02/26/2009;07:26 PM;7.0;THEFT OF MOTOR VEHICLE PARTS/ACCESSORIES;DESTRUCTION/DAMAGE/VANDALISM OF PROPERTY;;;;[43.073190167638074, -87.9851611392173];2967 N 58TH ST
57;90560067;02/25/2009;12:23 PM;7.0;THEFT OF MOTOR VEHICLE PARTS/ACCESSORIES;;;;;[43.08721141326677, -87.99707290074464];3842 N 68TH ST
58;90560159;02/25/2009;11:07 PM;3.0;THEFT FROM MOTOR VEHICLE;;;;;[43.05784427699231, -87.98644857372014];2129 N 59TH ST
59;90540050;02/23/2009;09:46 AM;7.0;THEFT OF MOTOR VEHICLE PARTS/ACCESSORIES;;;;;[43.0891017485429, -88.00059488631791];3964 N 71ST ST
60;90530031;02/22/2009;09:38 AM;7.0;THEFT OF MOTOR VEHICLE PARTS/ACCESSORIES;;;;;[43.08261647013695, -87.98508];5719 W KEEFE AV
61;90530059;02/22/2009;02:46 PM;3.0;THEFT OF MOTOR VEHICLE PARTS/ACCESSORIES;;;;;[43.02733758881808, -87.98535793498854];437 S HAWLEY RD
62;90530097;02/22/2009;10:01 PM;7.0;THEFT OF MOTOR VEHICLE PARTS/ACCESSORIES;;;;;[43.08168629760068, -87.99501967171099];3485 N 67TH ST
63;90510049;02/20/2009;12:16 PM;7.0;THEFT FROM MOTOR VEHICLE;;;;;[43.08756358673324, -87.99589913532216];3865 N 67TH ST
64;90510074;02/20/2009;03:08 PM;3.0;THEFT OF MOTOR VEHICLE PARTS/ACCESSORIES;;;;;[43.035418875382305, -87.96404613777501];424 N 40TH ST
65;90500025;02/19/2009;07:42 AM;7.0;THEFT FROM MOTOR VEHICLE;;;;;[43.070364450458754, -87.9798175226497];2825 N 53RD ST
66;90500046;02/19/2009;10:23 AM;7.0;THEFT FROM MOTOR VEHICLE;;;;;[43.08862449708582, -88.00712386799604];3930 N 76TH ST
67;90490053;02/18/2009;12:20 PM;3.0;THEFT FROM MOTOR VEHICLE;;;;;[43.035146999999995, -87.99451856650677];357 N 66TH ST
68;90490076;02/18/2009;02:37 PM;3.0;THEFT FROM MOTOR VEHICLE;;;;;[43.03512883236195, -87.9899705809335];351 N 62ND ST
69;90490098;02/18/2009;04:39 PM;3.0;THEFT OF MOTOR VEHICLE PARTS/ACCESSORIES;;;;;[43.03371172522938, -88.03114568454629];332 N 95TH ST
70;90490138;02/18/2009;09:04 PM;7.0;THEFT OF MOTOR VEHICLE PARTS/ACCESSORIES;;;;;[43.06801650764606, -87.97837147446477];5130 W CENTER ST
71;90480082;02/17/2009;01:25 PM;3.0;THEFT OF MOTOR VEHICLE PARTS/ACCESSORIES;;;;;[43.02740700000001, -88.00474388631791];446 S 74TH ST
72;90480097;02/17/2009;03:00 PM;7.0;THEFT OF MOTOR VEHICLE PARTS/ACCESSORIES;;;;;[43.08899416763808, -87.9983090809335];3941 N 69TH ST
73;90460055;02/15/2009;11:48 AM;3.0;THEFT FROM MOTOR VEHICLE;;;;;[43.02569908575227, -88.01717590230344];500 S 84TH ST
74;90460090;02/15/2009;03:40 PM;7.0;THEFT OF MOTOR VEHICLE PARTS/ACCESSORIES;;;;;[43.086486550666415, -88.0012084264241];7168 W APPLETON AV
75;90460127;02/15/2009;08:05 PM;7.0;THEFT OF MOTOR VEHICLE PARTS/ACCESSORIES;;;;;[43.073232873160606, -87.98305316331023];2972 N 56TH ST
76;90450049;02/14/2009;09:11 AM;3.0;THEFT FROM BUILDING;;;;;[43.02912599999999, -87.98873907372014];219 S 61ST ST
77;90430029;02/12/2009;08:14 AM;3.0;THEFT FROM MOTOR VEHICLE;;;;;[43.02733758881808, -87.98535793498854];437 S HAWLEY RD
78;90430146;02/12/2009;04:45 PM;7.0;THEFT OF MOTOR VEHICLE PARTS/ACCESSORIES;;;;;[43.073029592561596, -87.98422003707641];2961 N 57TH ST
79;90430151;02/12/2009;08:24 PM;3.0;THEFT OF MOTOR VEHICLE PARTS/ACCESSORIES;;;;;[43.02868407799065, -88.00243002264969];329 S 72ND ST
80;90420049;02/11/2009;10:04 AM;3.0;THEFT OF MOTOR VEHICLE PARTS/ACCESSORIES;;;;;[43.03873181827169, -87.96128118172831];3801 W WISCONSIN AV
81;90420161;02/11/2009;08:36 PM;3.0;THEFT FROM MOTOR VEHICLE;;;;;[43.02735773389333, -87.98535427224759];435 S HAWLEY RD
82;90410036;02/10/2009;10:33 AM;3.0;THEFT OF MOTOR VEHICLE PARTS/ACCESSORIES;;;;;[43.02725972488176, -87.98751452174898];441 S 60TH ST
83;90410050;02/10/2009;11:16 AM;3.0;THEFT FROM BUILDING;;;;;[43.05302349826831, -87.98107304832915];5400 W WASHINGTON BL
84;90410070;02/10/2009;02:23 PM;3.0;THEFT OF MOTOR VEHICLE PARTS/ACCESSORIES;;;;;[43.05655753309607, -87.97245398129394];2037 N 47TH ST
85;90390039;02/08/2009;07:35 AM;3.0;THEFT FROM MOTOR VEHICLE;;;;;[43.025822580904844, -87.98867544460172];602 S 61ST ST
86;90390086;02/08/2009;02:15 PM;3.0;THEFT FROM MOTOR VEHICLE;;;;;[43.034417046627055, -88.01649860768082];330 N GLENVIEW AV
87;90390125;02/08/2009;06:26 PM;7.0;THEFT OF MOTOR VEHICLE PARTS/ACCESSORIES;;;;;[43.073698096860774, -87.99968489076132];3012 N 70TH ST
88;90380094;02/07/2009;05:02 PM;7.0;THEFT OF MOTOR VEHICLE PARTS/ACCESSORIES;;;;;[43.082492481245446, -87.98937291618097];6133 W KEEFE AVENUE PK
89;90380107;02/07/2009;06:21 PM;3.0;THEFT FROM MOTOR VEHICLE;;;;;[43.03485549495197, -88.03761158820231];10001 W BLUE MOUND RD
90;90370033;02/06/2009;08:09 AM;3.0;THEFT OF MOTOR VEHICLE PARTS/ACCESSORIES;;;;;[43.02778447489748, -87.99291016763806];6412 W ADLER ST
91;90370037;02/06/2009;08:29 AM;3.0;THEFT FROM MOTOR VEHICLE;;;;;[43.02630972300767, -88.0059429190665];542 S 75TH ST
92;90370069;02/06/2009;12:32 PM;3.0;THEFT OF MOTOR VEHICLE PARTS/ACCESSORIES;;;;;[43.02676166308525, -87.99360818452891];510 S 65TH ST
93;90370071;02/06/2009;01:37 PM;3.0;THEFT OF MOTOR VEHICLE PARTS/ACCESSORIES;;;;;[43.025580167638054, -87.991210569825];613 S 63RD ST
94;90370082;02/06/2009;03:35 PM;7.0;THEFT OF MOTOR VEHICLE PARTS/ACCESSORIES;;;;;[43.06927441326678, -87.97859536078269];2760 N 52ND ST
95;90370111;02/06/2009;07:20 PM;7.0;THEFT OF MOTOR VEHICLE PARTS/ACCESSORIES;;;;;[43.08854400000001, -88.00477910646872];3919 N 74TH ST
96;90360052;02/05/2009;02:25 PM;3.0;THEFT OF MOTOR VEHICLE PARTS/ACCESSORIES;;;;;[43.06179558090486, -87.9798654190665];2350 N 53RD ST
97;90360065;02/05/2009;03:22 PM;3.0;THEFT FROM MOTOR VEHICLE;;;;;[43.06723233637266, -87.98580559368678];5835 W LISBON AV
98;90360118;02/05/2009;09:43 PM;7.0;THEFT OF MOTOR VEHICLE PARTS/ACCESSORIES;;;;;[43.07535751399405, -87.9916127216227];6333 W BURLEIGH ST
99;90360120;02/05/2009;09:48 PM;3.0;THEFT FROM MOTOR VEHICLE;;;;;[43.034417046627055, -88.01649860768082];330 N GLENVIEW AV
100;90350038;02/04/2009;10:31 AM;3.0;THEFT FROM MOTOR VEHICLE;;;;;[43.02715483236193, -88.00593638631791];500 S 75TH ST
101;90350042;02/04/2009;11:21 AM;7.0;THEFT OF MOTOR VEHICLE PARTS/ACCESSORIES;;;;;[43.07013782653357, -87.98625288963613];2814 N 59TH ST
102;90350068;02/04/2009;02:20 PM;7.0;THEFT OF MOTOR VEHICLE PARTS/ACCESSORIES;;;;;[43.07252366472389, -87.97608392627986];2940 N 50TH ST
103;90340026;02/03/2009;09:05 AM;7.0;THEFT OF MOTOR VEHICLE PARTS/ACCESSORIES;;;;;[43.075389518754555, -88.00629333527613];7504 W BURLEIGH ST
104;90340119;02/03/2009;08:42 PM;3.0;THEFT FROM MOTOR VEHICLE;;;;;[43.03033643104038, -88.00566982070518];7432 W DIXON ST
105;90330069;02/02/2009;11:07 AM;7.0;THEFT OF MOTOR VEHICLE PARTS/ACCESSORIES;;;;;[43.07177644463039, -87.97861160646872];2905 N 52ND ST
106;90330119;02/02/2009;03:22 PM;3.0;THEFT OF MOTOR VEHICLE PARTS/ACCESSORIES;;;;;[43.047764832361935, -87.9670944190665];1350 N 42ND ST
107;90330165;02/02/2009;07:14 PM;3.0;THEFT OF MOTOR VEHICLE PARTS/ACCESSORIES;;;;;[43.03265550764606, -87.95807932944774];3504 W PARK HILL AV
108;90320085;02/01/2009;03:18 PM;3.0;THEFT FROM MOTOR VEHICLE;;;;;[43.02711025145709, -87.99869060646873];461 S 69TH ST
109;90320089;02/01/2009;03:40 PM;3.0;THEFT FROM MOTOR VEHICLE;;;;;[43.02694090506557, -88.01935315178707];450 S 86TH ST
110;90570058;02/26/2009;04:56 PM;6.0;THEFT FROM MOTOR VEHICLE;;;;;[42.98832848845882, -87.97730327699232];5031 W OKLAHOMA AV
111;90570080;02/26/2009;02:57 PM;6.0;THEFT OF MOTOR VEHICLE PARTS/ACCESSORIES;;;;;[42.975187973079805, -87.94859752942942];3789 S 27TH ST
112;90560043;02/25/2009;08:46 AM;6.0;THEFT FROM MOTOR VEHICLE;;;;;[42.988128539529264, -88.00127074854291];7111 W OKLAHOMA AV
113;90550027;02/24/2009;08:53 AM;6.0;THEFT FROM MOTOR VEHICLE;;;;;[42.99431441909516, -87.99635854818492];2755 S 67TH ST
114;90550042;02/24/2009;10:42 AM;6.0;THEFT FROM MOTOR VEHICLE;;;;;[42.99294611518263, -87.99763953375819];2835 S 68TH ST
115;90550089;02/24/2009;02:49 PM;6.0;THEFT FROM MOTOR VEHICLE;;;;;[42.99377952986307, -87.99498041909516];6548 W MONTANA ST
116;90540025;02/23/2009;07:41 AM;6.0;THEFT FROM MOTOR VEHICLE;;;;;[42.992298922009354, -87.98782107372014];2871 S 60TH ST #5
117;90540056;02/23/2009;10:23 AM;6.0;THEFT FROM MOTOR VEHICLE;;;;;[42.989475310854566, -87.98409176008184];3043 S 56TH ST
118;90540158;02/23/2009;07:23 PM;6.0;THEFT FROM MOTOR VEHICLE;;;;;[42.988197556697294, -88.00616042048013];7501 W OKLAHOMA AV
119;90540173;02/23/2009;09:24 PM;6.0;THEFT FROM MOTOR VEHICLE;;;;;[42.98453499599454, -87.95229865136133];3330 S 30TH ST
120;90540174;02/23/2009;09:24 PM;6.0;THEFT FROM MOTOR VEHICLE;;;;;[42.98453499599454, -87.95229865136133];3330 S 30TH ST
121;90510034;02/20/2009;10:03 AM;6.0;THEFT FROM MOTOR VEHICLE;;;;;[42.98680875437128, -87.96545051543632];3169 S 41ST ST
122;90480009;02/17/2009;01:17 AM;6.0;THEFT FROM MOTOR VEHICLE;;;;;[42.9740340995265, -87.95255231722976];3010 W HOWARD AV
123;90480024;02/17/2009;08:06 AM;6.0;THEFT FROM MOTOR VEHICLE;;;;;[42.98932146047074, -87.9979635];6800 W BENNETT AV
124;90480126;02/17/2009;05:32 PM;6.0;THEFT FROM MOTOR VEHICLE;;;;;[42.99061553318128, -87.99821116763806];6812 W KINNICKINNIC RIVER PK
125;90470024;02/16/2009;08:06 AM;6.0;THEFT FROM MOTOR VEHICLE;;;;;[42.98285528253225, -87.95305180177773];3039 W RUSKIN CT
126;90450101;02/14/2009;03:30 PM;6.0;THEFT OF MOTOR VEHICLE PARTS/ACCESSORIES;;;;;[42.97643497007408, -87.98896112107853];6100 W FOREST HOME AV
127;90450163;02/14/2009;10:11 PM;6.0;THEFT FROM MOTOR VEHICLE;;;;;[42.98645658090484, -87.98156395181508];3200 S 54TH ST
128;90440032;02/13/2009;08:08 AM;6.0;THEFT FROM MOTOR VEHICLE;;;;;[42.98354645227067, -87.9445278294878];3334 S 24TH ST
129;90440060;02/13/2009;12:35 PM;6.0;THEFT OF MOTOR VEHICLE PARTS/ACCESSORIES;;;;;[42.99558452120741, -87.9930717485429];6417 W CLEVELAND AV
130;90430108;02/12/2009;03:09 PM;6.0;THEFT FROM MOTOR VEHICLE;;;;;[42.99990243435861, -87.95791504284747];2458 S 35TH ST
131;90420061;02/11/2009;11:29 AM;6.0;THEFT OF MOTOR VEHICLE PARTS/ACCESSORIES;;;;;[42.98764005289802, -88.0361864944655];3121 S 99TH ST
132;90400065;02/09/2009;01:15 PM;6.0;THEFT FROM MOTOR VEHICLE;;;;;[43.00312567676566, -87.95700242257848];3464 W LINCOLN AV
133;90390035;02/08/2009;07:47 AM;6.0;THEFT FROM MOTOR VEHICLE;;;;;[42.98103548124546, -87.99364227407813];6427 W MORGAN AV
134;90390069;02/08/2009;12:01 PM;6.0;THEFT FROM MOTOR VEHICLE;;;;;[42.987348, -87.96664954818492];3141 S 42ND ST
135;90390087;02/08/2009;02:22 PM;6.0;THEFT OF MOTOR VEHICLE PARTS/ACCESSORIES;;;;;[42.99873372300769, -87.96852959536022];2501 S 44TH ST
136;90390088;02/08/2009;02:24 PM;6.0;THEFT FROM MOTOR VEHICLE;;;;;[42.9868273097409, -87.96423109925536];3169 S 40TH ST
137;90380120;02/07/2009;08:37 PM;6.0;THEFT FROM MOTOR VEHICLE;;;;;[42.981061506780684, -87.99119983236193];6219 W MORGAN AV
138;90380121;02/07/2009;08:57 PM;6.0;THEFT FROM MOTOR VEHICLE;;;;;[42.981964765451124, -88.00468725895892];7345 W VERONA CT
139;90360048;02/05/2009;01:38 PM;6.0;THEFT FROM MOTOR VEHICLE;;;;;[42.992725787408325, -87.98904117565948];2844 S 61ST ST
140;90350032;02/04/2009;07:45 AM;6.0;THEFT FROM MOTOR VEHICLE;ALL OTHER LARCENY;;;;[42.981157542847484, -87.96631041618096];4125 W MORGAN AV #4
141;90340032;02/03/2009;10:04 AM;6.0;THEFT FROM MOTOR VEHICLE;;;;;[42.99271787870052, -87.98968686029176];6125 W ARIZONA CT
142;90320035;02/01/2009;05:45 AM;6.0;THEFT FROM MOTOR VEHICLE;;;;;[42.98477345325739, -87.99157383527613];6334 W OHIO AV
143;90320040;02/01/2009;08:10 AM;6.0;THEFT FROM MOTOR VEHICLE;;;;;[42.98353107799065, -87.9964659190665];3352 S 67TH ST
144;90320049;02/01/2009;10:07 AM;6.0;THEFT FROM MOTOR VEHICLE;;;;;[42.97674675437128, -88.00147002986304];3733 S 71ST ST
145;90320132;02/01/2009;08:30 PM;6.0;THEFT FROM MOTOR VEHICLE;;;;;[42.98023578934158, -88.00631695977825];3527 S MASSACHUSETTS AV
146;90590047;02/28/2009;11:22 AM;2.0;THEFT FROM MOTOR VEHICLE;;;;;[43.02331816196853, -87.91408966196852];300 W NATIONAL AV
147;90590050;02/28/2009;11:45 AM;2.0;THEFT OF MOTOR VEHICLE PARTS/ACCESSORIES;;;;;[43.01553588481735, -87.92535393349323];1518 S 11TH ST
148;90590067;02/28/2009;02:14 PM;2.0;THEFT OF MOTOR VEHICLE PARTS/ACCESSORIES;;;;;[43.00191967055227, -87.92607754818492];2341 S 11TH ST
149;90590127;02/28/2009;10:47 PM;2.0;THEFT FROM MOTOR VEHICLE;;;;;[43.020487005828386, -87.91678493738836];1024 S 5TH ST
150;90580082;02/27/2009;03:14 PM;2.0;THEFT FROM MOTOR VEHICLE;DESTRUCTION/DAMAGE/VANDALISM OF PROPERTY;;;;[43.014417150679414, -87.93114244977353];1516 W LAPHAM BL
151;90580104;02/27/2009;06:14 PM;2.0;THEFT FROM MOTOR VEHICLE;;;;;[43.02516978473508, -87.91120159283977];101 W BRUCE ST
152;90580128;02/27/2009;10:27 PM;2.0;THEFT FROM MOTOR VEHICLE;;;;;[43.01425349321932, -87.923241];916 W LAPHAM BL
153;90570009;02/26/2009;01:23 AM;2.0;THEFT FROM MOTOR VEHICLE;;;;;[43.020487005828386, -87.91678493738836];1024 S 5TH ST
154;90570043;02/26/2009;10:39 AM;2.0;THEFT FROM MOTOR VEHICLE;;;;;[43.01793566723404, -87.91266155265697];1201 S 2ND ST
155;90570044;02/26/2009;09:46 AM;2.0;THEFT FROM BUILDING;;;;;[43.002296959461134, -87.91881854876183];2333 S 6TH ST
156;90560049;02/25/2009;09:43 AM;2.0;THEFT OF MOTOR VEHICLE PARTS/ACCESSORIES;;;;;[43.01699552120741, -87.92757016763807];1225 W GREENFIELD AV
157;90550060;02/24/2009;12:19 PM;2.0;THEFT OF MOTOR VEHICLE PARTS/ACCESSORIES;;;;;[43.02009054674261, -87.92176402553523];819 W WASHINGTON ST
158;90550064;02/24/2009;12:35 PM;2.0;THEFT FROM MOTOR VEHICLE;;;;;[43.01225851399403, -87.92526133236193];1039 W HISTORIC MITCHELL ST
159;90550073;02/24/2009;01:05 PM;2.0;THEFT OF MOTOR VEHICLE PARTS/ACCESSORIES;;;;;[43.01709243203295, -87.91153096836719];122 W GREENFIELD AV
160;90550109;02/24/2009;03:34 PM;2.0;THEFT FROM BUILDING;;;;;[42.99752672907547, -87.92655498789212];1133 W HARRISON AV
161;90540013;02/23/2009;02:04 AM;6.0;THEFT FROM MOTOR VEHICLE;;;;;[43.02077400000002, -87.93308960646873];1023 S CESAR E CHAVEZ DR
162;90540018;02/23/2009;03:59 AM;2.0;THEFT FROM MOTOR VEHICLE;;;;;[43.003450760199684, -87.91879949321932];2249 S 6TH ST
163;90540185;02/23/2009;10:33 PM;2.0;THEFT OF MOTOR VEHICLE PARTS/ACCESSORIES;;;;;[43.0071914074384, -87.93099595902845];2050-A S 15TH ST
164;90520074;02/21/2009;12:08 PM;2.0;THEFT FROM MOTOR VEHICLE;;;;;[43.02331816196853, -87.91272166196852];200 W NATIONAL AV
165;90510136;02/20/2009;10:07 PM;2.0;THEFT FROM MOTOR VEHICLE;;;;;[43.023034214418665, -87.9097463196681];810 S BARCLAY ST
166;90500032;02/19/2009;08:44 AM;2.0;THEFT FROM MOTOR VEHICLE;;;;;[43.012217851911, -87.92709319800458];1225 W HISTORIC MITCHELL ST
167;90500098;02/19/2009;06:25 PM;2.0;THEFT OF MOTOR VEHICLE PARTS/ACCESSORIES;;;;;[43.014143824732166, -87.92797005571005];1600 S 13TH ST
168;90500112;02/19/2009;08:04 PM;2.0;THEFT FROM MOTOR VEHICLE;;;;;[43.02325546378896, -87.91123072009349];100 E NATIONAL AV
169;90490060;02/18/2009;01:01 PM;2.0;THEFT FROM MOTOR VEHICLE;;;;;[43.013204245628714, -87.92120493349321];1644 S 8TH ST
170;90490108;02/18/2009;05:25 PM;2.0;THEFT OF MOTOR VEHICLE PARTS/ACCESSORIES;;;;;[42.9997221618097, -87.92483297013695];2470 S 10TH ST
171;90490117;02/18/2009;06:08 PM;2.0;THEFT OF MOTOR VEHICLE PARTS/ACCESSORIES;;;;;[42.99997567055226, -87.92369157372015];2459 S 9TH PL
172;90480104;02/17/2009;03:52 PM;2.0;THEFT OF MOTOR VEHICLE PARTS/ACCESSORIES;;;;;[43.000470838190324, -87.92246757372014];2435 S 9TH ST
173;90480144;02/17/2009;07:49 PM;2.0;THEFT OF MOTOR VEHICLE PARTS/ACCESSORIES;;;;;[43.01073389402129, -87.93046661671184];1432 W FOREST HOME AV
174;90470065;02/16/2009;11:15 AM;2.0;THEFT FROM BUILDING;;;;;[43.03041972437939, -87.93058386218969];200 S EMMBER LA
175;90470071;02/16/2009;03:03 PM;6.0;THEFT FROM MOTOR VEHICLE;;;;;[43.01437755510982, -87.9358534765709];1575 S MUSKEGO AV
176;90470081;02/16/2009;03:48 PM;2.0;THEFT FROM MOTOR VEHICLE;;;;;[43.02635644800591, -87.91683542431797];400 S 5TH ST
177;90470097;02/16/2009;05:14 PM;2.0;THEFT FROM MOTOR VEHICLE;;;;;[43.0283580047032, -87.90709838138358];315 S WATER ST
178;90470101;02/16/2009;05:30 PM;2.0;THEFT FROM MOTOR VEHICLE;;;;;[43.029536018321856, -87.91107906982499];161 S 1ST ST
179;90460062;02/15/2009;12:26 PM;2.0;THEFT FROM MOTOR VEHICLE;;;;;[43.023264504327834, -87.92438285789716];1010 W NATIONAL AV
180;90460072;02/15/2009;01:26 PM;2.0;THEFT FROM MOTOR VEHICLE;;;;;[43.02937251341711, -87.91206363918864];133 W PITTSBURGH AV
181;90450028;02/14/2009;03:39 AM;2.0;THEFT FROM MOTOR VEHICLE;;;;;[43.024966643286284, -87.90891638043222];600 S JAKE MARCHESE WA
182;90450034;02/14/2009;02:32 AM;2.0;THEFT FROM MOTOR VEHICLE;;;;;[43.025003413266774, -87.9168159190665];606 S 5TH ST
183;90450103;02/14/2009;03:55 PM;2.0;THEFT FROM MOTOR VEHICLE;;;;;[43.01110855427311, -87.92975490342769];1400 W FOREST HOME AV
184;90440030;02/13/2009;08:02 AM;2.0;THEFT FROM MOTOR VEHICLE;;;;;[43.0222381605985, -87.91273516059847];200 W WALKER ST
185;90440034;02/13/2009;08:21 AM;2.0;THEFT FROM MOTOR VEHICLE;;;;;[43.00632740743839, -87.9256929884588];2100 S 11TH ST
186;90440085;02/13/2009;03:49 PM;2.0;THEFT FROM MOTOR VEHICLE;;;;;[43.01232645657561, -87.91951083527613];634 W HISTORIC MITCHELL ST
187;90440143;02/13/2009;09:15 PM;2.0;THEFT OF MOTOR VEHICLE PARTS/ACCESSORIES;;;;;[43.02110365172362, -87.92919565172363];1000 S 14TH ST
188;90440149;02/13/2009;09:36 PM;2.0;THEFT FROM BUILDING;;;;;[43.023165477350304, -87.91021230544173];125 E NATIONAL AV
189;90440156;02/13/2009;10:17 PM;2.0;THEFT FROM MOTOR VEHICLE;;;;;[43.02072693588781, -87.91268054876183];1017 S 2ND ST
190;90440160;02/13/2009;10:52 PM;2.0;THEFT FROM MOTOR VEHICLE;;;;;[43.02268684698796, -87.91681615174208];816 S 5TH ST
191;90430010;02/12/2009;02:20 AM;2.0;THEFT FROM MOTOR VEHICLE;;;;;[43.000388161809695, -87.92239643738836];2438 S 9TH ST
192;90430019;02/12/2009;05:57 AM;2.0;THEFT FROM MOTOR VEHICLE;;;;;[43.001611742714516, -87.92004149321933];2351 S 7TH ST
193;90430021;02/12/2009;07:17 AM;2.0;THEFT FROM MOTOR VEHICLE;;;;;[43.01025229808414, -87.9199125212074];1832 S 7TH ST
194;90430043;02/12/2009;09:59 AM;2.0;THEFT FROM MOTOR VEHICLE;;;;;[43.01903047403208, -87.93102108090484];1509 W SCOTT ST
195;90430063;02/12/2009;12:24 PM;2.0;THEFT OF MOTOR VEHICLE PARTS/ACCESSORIES;;;;;[42.99947932944775, -87.92851442627985];2482 S 13TH ST
196;90430096;02/12/2009;03:37 PM;2.0;THEFT FROM MOTOR VEHICLE;;;;;[43.012252521207394, -87.932754];1575 W MITCHELL ST
197;90430150;02/12/2009;08:21 PM;2.0;THEFT OF MOTOR VEHICLE PARTS/ACCESSORIES;;;;;[43.021115488458804, -87.92607069317329];1121 W MINERAL ST
198;90430162;02/12/2009;09:11 PM;2.0;THEFT FROM MOTOR VEHICLE;;;;;[43.01021026795259, -87.92826369474783];1300 W BURNHAM ST
199;90430170;02/12/2009;09:54 PM;2.0;THEFT FROM MOTOR VEHICLE;;;;;[43.02643216591921, -87.91829266591921];600 W VIRGINIA ST
200;90420031;02/11/2009;06:22 AM;2.0;THEFT FROM MOTOR VEHICLE;;;;;[43.000388161809695, -87.92118241185312];2436 S 8TH ST
201;90420108;02/11/2009;03:21 PM;2.0;THEFT FROM MOTOR VEHICLE;;;;;[43.01413484948038, -87.93110372491338];1515 W LAPHAM BL
202;90410056;02/10/2009;12:51 PM;2.0;THEFT OF MOTOR VEHICLE PARTS/ACCESSORIES;;;;;[43.01280498636584, -87.92273941465167];1673 S 9TH ST
203;90410073;02/10/2009;02:42 PM;2.0;THEFT FROM MOTOR VEHICLE;;;;;[43.02937251341711, -87.91206363918864];133 W PITTSBURGH AV
204;90410075;02/10/2009;02:30 PM;2.0;THEFT OF MOTOR VEHICLE PARTS/ACCESSORIES;;;;;[43.01629023980033, -87.93290453952926];1428 S CESAR E CHAVEZ DR
205;90410083;02/10/2009;03:57 PM;6.0;THEFT OF MOTOR VEHICLE PARTS/ACCESSORIES;;;;;[43.014954361936525, -87.9337757863118];1545 S PEARL ST
206;90410114;02/10/2009;07:33 PM;2.0;THEFT FROM MOTOR VEHICLE;;;;;[43.0122178247144, -87.93299655569396];1700 S 16TH ST
207;90410118;02/10/2009;07:31 PM;2.0;THEFT FROM MOTOR VEHICLE;DESTRUCTION/DAMAGE/VANDALISM OF PROPERTY;;;;[43.017461999999995, -87.92107544849686];1324 S 8TH ST
208;90410120;02/10/2009;08:37 PM;2.0;THEFT FROM MOTOR VEHICLE;;;;;[43.01793566723404, -87.91266155265697];1201 S 2ND ST
209;90400049;02/09/2009;12:01 PM;2.0;THEFT FROM MOTOR VEHICLE;;;;;[43.01793566723404, -87.91266155265697];1201 S 2ND ST
210;90400091;02/09/2009;03:51 PM;2.0;THEFT FROM BUILDING;;;;;[43.010325366639734, -87.92560900822296];1827 S 11TH ST
211;90400097;02/09/2009;05:10 PM;2.0;THEFT FROM MOTOR VEHICLE;;;;;[43.02870199417163, -87.91393540074463];222 S 3RD ST
212;90390070;02/08/2009;12:06 PM;2.0;THEFT FROM MOTOR VEHICLE;;;;;[43.02831047013695, -87.91172417485141];133 W OREGON ST
213;90390138;02/08/2009;08:56 PM;2.0;THEFT FROM MOTOR VEHICLE;;;;;[43.0222021306118, -87.90711142535162];818 S WATER ST
214;90380065;02/07/2009;12:45 PM;2.0;THEFT OF MOTOR VEHICLE PARTS/ACCESSORIES;;;;;[43.01433916763807, -87.91392391185313];1576 S 3RD ST
215;90380072;02/07/2009;12:58 PM;2.0;THEFT OF MOTOR VEHICLE PARTS/ACCESSORIES;;;;;[42.995599205147094, -87.92871802017753];1300 W CLEVELAND AV
216;90350077;02/04/2009;03:13 PM;2.0;THEFT FROM MOTOR VEHICLE;;;;;[43.02632648845881, -87.91798066763806];539 W VIRGINIA ST
217;90350103;02/04/2009;06:08 PM;2.0;THEFT OF MOTOR VEHICLE PARTS/ACCESSORIES;;;;;[43.009244664723866, -87.91993593349322];1936 S 7TH ST
218;90350146;02/04/2009;07:30 PM;2.0;THEFT OF MOTOR VEHICLE PARTS/ACCESSORIES;;;;;[43.015716974464766, -87.912631092042];1513 S 2ND ST
219;90340039;02/03/2009;11:30 AM;2.0;THEFT FROM MOTOR VEHICLE;;;;;[43.02191599417162, -87.90982391517136];906 S BARCLAY ST
220;90340041;02/03/2009;11:50 AM;2.0;THEFT FROM MOTOR VEHICLE;;;;;[43.02191599417162, -87.90982391517136];906 S BARCLAY ST
221;90340053;02/03/2009;12:56 PM;2.0;THEFT OF MOTOR VEHICLE PARTS/ACCESSORIES;;;;;[43.02831047013695, -87.91172417485141];133 W OREGON ST
222;90340058;02/03/2009;01:29 PM;6.0;THEFT FROM MOTOR VEHICLE;;;;;[43.022205000000014, -87.93308060646872];831 S CESAR E CHAVEZ DR
223;90340066;02/03/2009;02:14 PM;2.0;THEFT OF MOTOR VEHICLE PARTS/ACCESSORIES;;;;;[43.021184529863056, -87.93121049999999];1520 W MINERAL ST
224;90340097;02/03/2009;05:49 PM;2.0;THEFT FROM MOTOR VEHICLE;;;;;[43.029536018321856, -87.91107906982499];161 S 1ST ST
225;90340110;02/03/2009;06:45 PM;2.0;THEFT FROM BUILDING;;;;;[43.00285749567218, -87.92757];1207 W LINCOLN AV
226;90330052;02/02/2009;09:55 AM;2.0;THEFT OF MOTOR VEHICLE PARTS/ACCESSORIES;;;;;[43.01280498636584, -87.92273941465167];1673 S 9TH ST
227;90330100;02/02/2009;02:08 PM;2.0;THEFT OF MOTOR VEHICLE PARTS/ACCESSORIES;;;;;[43.02222050432783, -87.92343305398464];928 W WALKER ST
228;90330117;02/02/2009;03:12 PM;2.0;THEFT FROM MOTOR VEHICLE;;;;;[43.020467999999994, -87.93301587852763];1032 S CESAR E CHAVEZ DR
229;90330150;02/02/2009;06:00 PM;2.0;THEFT FROM MOTOR VEHICLE;;;;;[43.00021794754457, -87.92246757372014];2447 S 9TH ST
230;90320024;02/01/2009;04:15 AM;2.0;THEFT OF MOTOR VEHICLE PARTS/ACCESSORIES;;;;;[43.02318312284052, -87.91829931727781];801 S 6TH ST
231;90320054;02/01/2009;10:43 AM;2.0;THEFT OF MOTOR VEHICLE PARTS/ACCESSORIES;;;;;[43.002296959461134, -87.91881854876183];2333 S 6TH ST
232;90320115;02/01/2009;06:18 PM;2.0;THEFT FROM MOTOR VEHICLE;;;;;[43.01225951009891, -87.9258719701656];1101 W HISTORIC MITCHELL ST
233;90590118;02/28/2009;09:20 PM;2.0;THEFT OF MOTOR VEHICLE PARTS/ACCESSORIES;;;;;[43.003447766673894, -87.93543892168394];2272 S 18TH ST
234;90580029;02/27/2009;08:34 AM;2.0;THEFT FROM MOTOR VEHICLE;;;;;[42.959284457152535, -87.9106725];130 W LAYTON AV
235;90580090;02/27/2009;02:10 PM;6.0;THEFT FROM MOTOR VEHICLE;;;;;[42.941972108856326, -87.94931471645623];5675 S 27TH ST
236;90580109;02/27/2009;07:03 PM;2.0;THEFT FROM MOTOR VEHICLE;;;;;[42.957313805441736, -87.90981854053793];4747 S HOWELL AV
237;90570020;02/26/2009;06:40 AM;2.0;THEFT FROM MOTOR VEHICLE;;;;;[42.92622961809684, -87.93046145498815];6541 S 13TH ST
238;90570098;02/26/2009;03:27 PM;2.0;THEFT FROM BUILDING;;;;;[42.95196446883795, -87.91662230682671];434 W EDGERTON AV
239;90570113;02/26/2009;06:48 PM;2.0;THEFT FROM MOTOR VEHICLE;;;;;[42.930343523803536, -87.92759313918864];1200 W COLLEGE AV
240;90560053;02/25/2009;10:21 AM;2.0;THEFT FROM MOTOR VEHICLE;;;;;[42.92520249379625, -87.93143163918865];1400 W ZELLMAN CT
241;90560054;02/25/2009;10:26 AM;2.0;THEFT FROM MOTOR VEHICLE;;;;;[42.92520249379625, -87.93143163918865];1400 W ZELLMAN CT
242;90540034;02/23/2009;08:22 AM;2.0;THEFT FROM MOTOR VEHICLE;;;;;[42.957313805441736, -87.90981854053793];4747 S HOWELL AV
243;90540053;02/23/2009;10:14 AM;2.0;THEFT FROM MOTOR VEHICLE;;;;;[42.934482586733225, -87.93681850822297];6085 S 18TH ST
244;90540168;02/23/2009;08:58 PM;2.0;THEFT OF MOTOR VEHICLE PARTS/ACCESSORIES;;;;;[42.93017050856617, -87.93856735054217];1801 W COLLEGE AV
245;90530090;02/22/2009;08:29 PM;2.0;THEFT FROM MOTOR VEHICLE;;;;;[42.961843529834404, -87.89834499567216];4540 S LENOX ST
246;90520095;02/21/2009;04:08 PM;2.0;THEFT OF MOTOR VEHICLE PARTS/ACCESSORIES;;;;;[42.99925849177703, -87.93608361226845];1813 W ARTHUR AV
247;90520102;02/21/2009;05:50 PM;2.0;THEFT FROM MOTOR VEHICLE;;;;;[42.957313805441736, -87.90981854053793];4747 S HOWELL AV
248;90510052;02/20/2009;12:48 PM;2.0;THEFT FROM MOTOR VEHICLE;;;;;[42.98562657951987, -87.93384059608044];3237 S 16TH ST
249;90510094;02/20/2009;05:22 PM;2.0;THEFT FROM MOTOR VEHICLE;;;;;[42.957313805441736, -87.90981854053793];4747 S HOWELL AV
250;90510137;02/20/2009;10:09 PM;6.0;THEFT FROM MOTOR VEHICLE;;;;;[42.959780234066535, -87.9438118970911];4653 S 23RD ST
251;90500077;02/19/2009;02:13 PM;6.0;THEFT FROM MOTOR VEHICLE;;;;;[42.98839754342441, -87.93937311226844];2025 W OKLAHOMA AV
252;90480039;02/17/2009;09:24 AM;2.0;THEFT FROM MOTOR VEHICLE;;;;;[42.952517276992324, -87.90987007876912];5037 S HOWELL AV
253;90480057;02/17/2009;09:42 AM;2.0;THEFT FROM MOTOR VEHICLE;;;;;[42.95910947561956, -87.918471];545 W LAYTON AV
254;90480071;02/17/2009;12:06 PM;2.0;THEFT FROM MOTOR VEHICLE;;;;;[42.952517276992324, -87.90987007876912];5037 S HOWELL AV
255;90480079;02/17/2009;01:00 PM;2.0;THEFT FROM MOTOR VEHICLE;;;;;[42.947421851520524, -87.91197953220032];180 W GRANGE AV
256;90480099;02/17/2009;03:25 PM;2.0;THEFT OF MOTOR VEHICLE PARTS/ACCESSORIES;;;;;[43.00304152596793, -87.93773941326677];1926 W LINCOLN AV
257;90480133;02/17/2009;05:57 PM;2.0;THEFT FROM MOTOR VEHICLE;;;;;[42.94586593317013, -87.91720634108337];430 W GRANGE AV
258;90470046;02/16/2009;12:13 PM;2.0;THEFT FROM MOTOR VEHICLE;;;;;[42.94905299999999, -87.90987107487398];5253 S HOWELL AV
259;90470055;02/16/2009;01:17 PM;2.0;THEFT OF MOTOR VEHICLE PARTS/ACCESSORIES;;;;;[42.968195488458804, -87.90206354385708];539 E PLAINFIELD AV
260;90460056;02/15/2009;11:50 AM;6.0;THEFT FROM MOTOR VEHICLE;;;;;[42.97398446436589, -87.94394983236194];2210 W HOWARD AV
261;90460069;02/15/2009;02:15 PM;2.0;THEFT OF MOTOR VEHICLE PARTS/ACCESSORIES;;;;;[42.986709167638054, -87.93381852264969];3171 S 16TH ST
262;90460098;02/15/2009;04:41 PM;6.0;THEFT OF MOTOR VEHICLE PARTS/ACCESSORIES;;;;;[42.97704549667428, -87.94817339603092];3716 S 27TH ST
263;90460133;02/15/2009;07:38 PM;6.0;THEFT FROM MOTOR VEHICLE;;;;;[42.97531477990651, -87.9447680809335];3815 S 24TH ST
264;90450066;02/14/2009;11:18 AM;2.0;THEFT FROM MOTOR VEHICLE;;;;;[42.98438669608748, -87.93274858093349];3311 S 15TH PL
265;90440100;02/13/2009;04:57 PM;2.0;THEFT FROM MOTOR VEHICLE;;;;;[42.98562657951987, -87.93384059608044];3237 S 16TH ST
266;90410006;02/10/2009;12:02 AM;2.0;THEFT FROM MOTOR VEHICLE;;;;;[42.96472225145709, -87.90978001933148];4379 S HOWELL AV
267;90400023;02/09/2009;08:10 AM;2.0;THEFT FROM MOTOR VEHICLE;;;;;[42.956516224405114, -87.90986132255055];4849 S HOWELL AV
268;90400024;02/09/2009;08:29 AM;2.0;THEFT FROM MOTOR VEHICLE;;;;;[43.04200000000003, -87.90686999999997];201 W AIR CARGO WA
269;90390022;02/08/2009;03:12 AM;6.0;THEFT FROM MOTOR VEHICLE;DESTRUCTION/DAMAGE/VANDALISM OF PROPERTY;;;;[42.959497908734186, -87.9424802782212];2240 W LAYTON AV #127
270;90390060;02/08/2009;10:46 AM;2.0;THEFT FROM MOTOR VEHICLE;;;;;[42.94836660115995, -87.90988156217801];5311 S HOWELL AV
271;90390067;02/08/2009;11:35 AM;2.0;THEFT FROM MOTOR VEHICLE;;;;;[42.957313805441736, -87.90981854053793];4747 S HOWELL AV
272;90390074;02/08/2009;12:36 PM;2.0;THEFT FROM MOTOR VEHICLE;;;;;[42.960923360811364, -87.92925006982499];4603 S 13TH ST
273;90380056;02/07/2009;11:11 AM;2.0;THEFT FROM MOTOR VEHICLE;;;;;[42.97811467055226, -87.93154344460173];3646 S 15TH ST
274;90380116;02/07/2009;08:10 PM;6.0;THEFT OF MOTOR VEHICLE PARTS/ACCESSORIES;;;;;[42.98101199999999, -87.94817496956001];3500 S 27TH ST
275;90380125;02/07/2009;09:34 PM;6.0;THEFT FROM MOTOR VEHICLE;;;;;[42.959209634673456, -87.94042629369098];2115 W LAYTON AV
276;90370076;02/06/2009;09:09 AM;6.0;THEFT FROM MOTOR VEHICLE;;;;;[42.94038564363205, -87.94935747331];5727 S 27TH ST
277;90370129;02/06/2009;09:29 PM;2.0;THEFT FROM MOTOR VEHICLE;;;;;[42.957313805441736, -87.90981854053793];4747 S HOWELL AV
278;90360025;02/05/2009;09:55 AM;2.0;THEFT OF MOTOR VEHICLE PARTS/ACCESSORIES;;;;;[42.97410941909516, -87.93034101875456];3877 S 14TH ST
279;90360034;02/05/2009;11:17 AM;2.0;THEFT OF MOTOR VEHICLE PARTS/ACCESSORIES;;;;;[42.959197502308605, -87.92565291049681];1011 W LAYTON AV
280;90350105;02/04/2009;06:24 PM;2.0;THEFT OF MOTOR VEHICLE PARTS/ACCESSORIES;;;;;[42.9787177543713, -87.93273293738835];3616 S 15TH PL
281;90340019;02/03/2009;07:58 AM;2.0;THEFT FROM MOTOR VEHICLE;;;;;[42.98343286372554, -87.93158801543632];3357 S 15TH ST
282;90340024;02/03/2009;08:39 AM;6.0;THEFT FROM MOTOR VEHICLE;;;;;[42.93855050291418, -87.95528876599938];5864 S MARILYN ST
283;90340034;02/03/2009;10:33 AM;2.0;THEFT FROM MOTOR VEHICLE;;;;;[42.98321624562871, -87.93151547013694];3366 S 15TH ST
284;90340047;02/03/2009;12:24 PM;6.0;THEFT OF MOTOR VEHICLE PARTS/ACCESSORIES;;;;;[42.987969220093504, -87.94686293738836];3120 S 26TH ST
285;90340095;02/03/2009;05:45 PM;2.0;THEFT OF MOTOR VEHICLE PARTS/ACCESSORIES;;;;;[42.968573832361926, -87.91442395181508];4170 S 3RD ST
286;90330026;02/02/2009;07:46 AM;2.0;THEFT FROM MOTOR VEHICLE;;;;;[42.960788360811364, -87.92925006982499];4611 S 13TH ST
287;90330030;02/02/2009;07:58 AM;2.0;THEFT FROM MOTOR VEHICLE;;;;;[42.96646949956731, -87.93690219317328];1809 W BOLIVAR AV
288;90330032;02/02/2009;08:07 AM;2.0;THEFT OF MOTOR VEHICLE PARTS/ACCESSORIES;;;;;[42.960717621087184, -87.93883355727247];4600 S 20TH ST
289;90330033;02/02/2009;08:22 AM;2.0;THEFT FROM MOTOR VEHICLE;;;;;[42.96448800000002, -87.93044440795799];4404 S 14TH ST
290;90330065;02/02/2009;10:58 AM;2.0;THEFT OF MOTOR VEHICLE PARTS/ACCESSORIES;;;;;[43.00295646047076, -87.93409997155058];1620 W LINCOLN AV
291;90330084;02/02/2009;12:15 PM;2.0;THEFT OF MOTOR VEHICLE PARTS/ACCESSORIES;;;;;[42.96017844601537, -87.897169569825];4633 S LOGAN AV
292;90330085;02/02/2009;12:00 PM;2.0;THEFT FROM MOTOR VEHICLE;;;;;[42.9666114532574, -87.93294283236193];1548 W BOLIVAR AV
293;90330091;02/02/2009;10:54 AM;2.0;THEFT FROM MOTOR VEHICLE;;;;;[42.94905299999999, -87.90987107487398];5253 S HOWELL AV
294;90330196;02/02/2009;11:19 PM;2.0;THEFT FROM MOTOR VEHICLE;;;;;[42.92622961809684, -87.93046145498815];6541 S 13TH ST
295;90320064;02/01/2009;11:43 AM;2.0;THEFT FROM MOTOR VEHICLE;;;;;[42.952517276992324, -87.90987007876912];5037 S HOWELL AV
296;90320114;02/01/2009;06:10 PM;2.0;THEFT FROM MOTOR VEHICLE;;;;;[42.93017050856617, -87.93856735054217];1801 W COLLEGE AV
297;90590063;02/28/2009;01:37 PM;2.0;THEFT FROM MOTOR VEHICLE;;;;;[43.004746320773855, -87.90581217510281];2187 S KINNICKINNIC AV
298;90590121;02/28/2009;09:58 PM;2.0;THEFT OF MOTOR VEHICLE PARTS/ACCESSORIES;;;;;[43.002234000000016, -87.89674053375819];2327 S LOGAN AV
299;90580022;02/27/2009;07:37 AM;2.0;THEFT FROM MOTOR VEHICLE;;;;;[43.003569174851414, -87.904171569825];2255 S ALLIS ST
300;90580028;02/27/2009;08:18 AM;2.0;THEFT FROM MOTOR VEHICLE;;;;;[42.979778968636396, -87.89813544460172];3552 S LENOX ST
301;90580107;02/27/2009;06:40 PM;2.0;THEFT OF MOTOR VEHICLE PARTS/ACCESSORIES;;;;;[42.98740283819032, -87.92758751543633];3133 S 12TH ST
302;90570029;02/26/2009;08:55 AM;2.0;THEFT FROM MOTOR VEHICLE;;;;;[42.99737991759462, -87.90091792382702];648 E DOVER ST
303;90570045;02/26/2009;10:55 AM;2.0;THEFT OF MOTOR VEHICLE PARTS/ACCESSORIES;;;;;[42.9869691618097, -87.92390597013694];3154 S 9TH PL
304;90570086;02/26/2009;03:50 PM;2.0;THEFT OF MOTOR VEHICLE PARTS/ACCESSORIES;;;;;[42.98181302407337, -87.91841160300025];500 W HOLT AV
305;90560055;02/25/2009;10:30 AM;2.0;THEFT OF MOTOR VEHICLE PARTS/ACCESSORIES;;;;;[42.996825575913185, -87.8859258157135];1928 E IRON ST
306;90530026;02/22/2009;09:05 AM;2.0;THEFT FROM MOTOR VEHICLE;;;;;[43.002952478792615, -87.900903];616 E LINCOLN AV
307;90500088;02/19/2009;05:17 PM;2.0;THEFT OF MOTOR VEHICLE PARTS/ACCESSORIES;;;;;[42.99341195643139, -87.91065898678536];2810 S CHASE AV
308;90490041;02/18/2009;11:15 AM;2.0;THEFT OF MOTOR VEHICLE PARTS/ACCESSORIES;;;;;[42.99897507799065, -87.91788592296163];2506 S 5TH PL
309;90490078;02/18/2009;03:08 PM;2.0;THEFT OF MOTOR VEHICLE PARTS/ACCESSORIES;;;;;[42.98252929314244, -87.90816358815299];200 E HOLT AV
310;90490156;02/18/2009;09:38 PM;2.0;THEFT FROM MOTOR VEHICLE;DESTRUCTION/DAMAGE/VANDALISM OF PROPERTY;;;;[43.0045767512631, -87.9053659826725];381 E WARD ST
311;90480023;02/17/2009;08:01 AM;2.0;THEFT OF MOTOR VEHICLE PARTS/ACCESSORIES;;;;;[42.97387494754457, -87.88713807372014];3879 S KANSAS AV
312;90480050;02/17/2009;10:15 AM;2.0;THEFT OF MOTOR VEHICLE PARTS/ACCESSORIES;;;;;[43.004097, -87.91871641185313];2220 S 6TH ST
313;90470020;02/16/2009;07:40 AM;2.0;THEFT FROM MOTOR VEHICLE;;;;;[42.98735761809684, -87.87938898990112];3129 S PENNSYLVANIA AV
314;90470054;02/16/2009;01:10 PM;2.0;THEFT FROM MOTOR VEHICLE;;;;;[42.987239580904856, -87.93009444460172];3142 S 14TH ST
315;90470114;02/16/2009;06:59 PM;2.0;THEFT OF MOTOR VEHICLE PARTS/ACCESSORIES;;;;;[43.00201724562871, -87.9079959190665];2336 S BURRELL ST
316;90430078;02/15/2009;01:10 PM;2.0;THEFT FROM MOTOR VEHICLE;;;;;[42.99454357977965, -87.88755284459562];2733 S DELAWARE AV
317;90460095;02/15/2009;02:22 PM;2.0;THEFT FROM MOTOR VEHICLE;;;;;[42.98832351875456, -87.92065366763806];702 W OKLAHOMA AV
318;90410071;02/14/2009;02:02 PM;2.0;THEFT FROM MOTOR VEHICLE;;;;;[42.98201974854291, -87.8993995587165];3429 S PINE AV #5
319;90450118;02/14/2009;05:42 PM;2.0;THEFT OF MOTOR VEHICLE PARTS/ACCESSORIES;;;;;[43.003826664723874, -87.90274645181508];2232 S MOUND ST
320;90440061;02/13/2009;12:51 PM;2.0;THEFT FROM MOTOR VEHICLE;;;;;[43.004475241284055, -87.90543319005573];2204 S KINNICKINNIC AV
321;90430104;02/12/2009;03:15 PM;2.0;THEFT FROM BUILDING;;;;;[42.98195792200934, -87.92896901543632];3441 S 13TH ST #UPR
322;90420026;02/11/2009;06:00 AM;2.0;THEFT FROM MOTOR VEHICLE;;;;;[42.973780490478035, -87.9068910693923];324 E HOWARD AV #8
323;90410041;02/10/2009;09:59 AM;2.0;THEFT FROM MOTOR VEHICLE;;;;;[43.006697926452766, -87.89781515941509];2024 S LENOX ST
324;90410053;02/10/2009;12:36 PM;2.0;THEFT OF MOTOR VEHICLE PARTS/ACCESSORIES;;;;;[42.99366252986305, -87.921333];734 W MONTANA ST
325;90410079;02/10/2009;03:11 PM;2.0;THEFT OF MOTOR VEHICLE PARTS/ACCESSORIES;;;;;[42.99034441326677, -87.92018243738836];2972 S 7TH ST
326;90400032;02/09/2009;09:40 AM;2.0;THEFT OF MOTOR VEHICLE PARTS/ACCESSORIES;;;;;[42.98963475437128, -87.92881004428976];3017 S 13TH ST
327;90400035;02/09/2009;10:13 AM;2.0;THEFT FROM MOTOR VEHICLE;;;;;[43.00290958323377, -87.90414790819933];2300 S KINNICKINNIC AV
328;90390048;02/08/2009;09:33 AM;2.0;THEFT FROM MOTOR VEHICLE;;;;;[43.00454632944775, -87.89913490074464];2146 S ALDRICH ST
329;90390063;02/08/2009;11:01 AM;2.0;THEFT FROM MOTOR VEHICLE;;;;;[42.99630899171272, -87.8866181158542];2701 S SUPERIOR ST
330;90390091;02/08/2009;02:42 PM;2.0;THEFT OF MOTOR VEHICLE PARTS/ACCESSORIES;;;;;[42.99496272300769, -87.93130494460172];2726 S 15TH ST
331;90390098;02/08/2009;03:41 PM;2.0;THEFT FROM MOTOR VEHICLE;;;;;[42.985854419095176, -87.92278159925536];3225 S 9TH ST
332;90390121;02/08/2009;06:07 PM;2.0;THEFT FROM MOTOR VEHICLE;;;;;[42.972801504327826, -87.90406289064575];438 E VAN BECK AV
333;90370019;02/06/2009;04:15 AM;2.0;THEFT FROM MOTOR VEHICLE;;;;;[42.99221808964742, -87.92262851543633];2865 S 9TH ST
334;90370051;02/06/2009;10:52 AM;2.0;THEFT OF MOTOR VEHICLE PARTS/ACCESSORIES;;;;;[42.99824658090483, -87.92122291185314];2542 S 8TH ST
335;90350028;02/04/2009;08:21 AM;2.0;THEFT FROM MOTOR VEHICLE;;;;;[42.984722460470756, -87.93138222300767];1434 W OHIO AV
336;90350087;02/04/2009;04:44 PM;2.0;THEFT FROM MOTOR VEHICLE;;;;;[42.99573999030515, -87.90329043533956];442 E POTTER AV
337;90350090;02/04/2009;04:58 PM;2.0;THEFT OF MOTOR VEHICLE PARTS/ACCESSORIES;;;;;[42.99524086372554, -87.92867908540556];2705 S 13TH ST
338;90340061;02/03/2009;12:31 PM;2.0;THEFT FROM MOTOR VEHICLE;;;;;[42.99943450845413, -87.88812050487608];2525 S SHORE DR
339;90340062;02/03/2009;01:45 PM;2.0;THEFT FROM MOTOR VEHICLE;;;;;[42.99877612786715, -87.88831052701546];1740 E ONTARIO ST
340;90580025;02/27/2009;08:03 AM;3.0;THEFT OF MOTOR VEHICLE PARTS/ACCESSORIES;;;;;[43.057350502914204, -87.956380569825];2045 N 34TH ST
341;90580050;02/27/2009;11:16 AM;3.0;THEFT FROM MOTOR VEHICLE;;;;;[43.06348858673323, -87.96460957703836];2453 N 41ST ST
342;90580122;02/27/2009;08:42 PM;3.0;THEFT OF MOTOR VEHICLE PARTS/ACCESSORIES;;;;;[43.05781048600596, -87.94530972300768];2504 W LLOYD ST
343;90570021;02/26/2009;07:40 AM;1.0;THEFT FROM MOTOR VEHICLE;;;;;[43.05734111518265, -87.92558756650678];2035 N 11TH ST
344;90570023;02/26/2009;07:54 AM;3.0;THEFT FROM MOTOR VEHICLE;;;;;[43.064379096245396, -87.94996542188879];2507 N 29TH ST
345;90570036;02/26/2009;10:11 AM;1.0;THEFT FROM MOTOR VEHICLE;;;;;[43.05653851399404, -87.92929425437129];1331 W BROWN ST
346;90570042;02/26/2009;10:27 AM;3.0;THEFT FROM MOTOR VEHICLE;;;;;[43.06334441909516, -87.93760760646872];2447 N 20TH ST
347;90570099;02/26/2009;05:11 PM;3.0;THEFT OF MOTOR VEHICLE PARTS/ACCESSORIES;;;;;[43.060148497085805, -87.96458387520941];2244 N 41ST ST
348;90570110;02/26/2009;06:27 PM;3.0;THEFT OF MOTOR VEHICLE PARTS/ACCESSORIES;;;;;[43.0603194970858, -87.96457390074464];2252 N 41ST ST
349;90570115;02/26/2009;07:00 PM;3.0;THEFT OF MOTOR VEHICLE PARTS/ACCESSORIES;;;;;[43.05150510931554, -87.94153175870413];2300 W GALENA ST
350;90570120;02/26/2009;07:28 PM;3.0;THEFT OF MOTOR VEHICLE PARTS/ACCESSORIES;;;;;[43.06022111518263, -87.96581544460173];2242 N 42ND ST
351;90560071;02/25/2009;12:48 PM;3.0;THEFT OF MOTOR VEHICLE PARTS/ACCESSORIES;;;;;[43.06589994754458, -87.94249162089545];2577 N 24TH ST
352;90560079;02/25/2009;01:41 PM;3.0;THEFT OF MOTOR VEHICLE PARTS/ACCESSORIES;;;;;[43.05582824562873, -87.94750388631792];1940 N 27TH ST
353;90550004;02/24/2009;12:51 AM;3.0;THEFT OF MOTOR VEHICLE PARTS/ACCESSORIES;;;;;[43.05954638773156, -87.95989286410091];2214 N 37TH ST
354;90550091;02/24/2009;03:12 PM;3.0;THEFT OF MOTOR VEHICLE PARTS/ACCESSORIES;;;;;[43.062929528449416, -87.95753113921731];2421 N 35TH ST
355;90540044;02/23/2009;08:49 AM;3.0;THEFT FROM MOTOR VEHICLE;DESTRUCTION/DAMAGE/VANDALISM OF PROPERTY;;;;[43.062184521207406, -87.93302327699232];1615 W MEINECKE AV #UPPER
356;90540051;02/23/2009;09:50 AM;7.0;THEFT OF MOTOR VEHICLE PARTS/ACCESSORIES;;;;;[43.06901483819033, -87.95862007703836];2755 N 36TH ST
357;90540108;02/23/2009;03:22 PM;3.0;THEFT OF MOTOR VEHICLE PARTS/ACCESSORIES;;;;;[43.06221916763806, -87.96887810646872];2373 N 44TH ST
358;90530053;02/22/2009;01:21 PM;3.0;THEFT OF MOTOR VEHICLE PARTS/ACCESSORIES;;;;;[43.04280554954124, -87.9595859112762];954 N 37TH ST
359;90530058;02/22/2009;02:39 PM;3.0;THEFT OF MOTOR VEHICLE PARTS/ACCESSORIES;;;;;[43.05646579231037, -87.9487886074636];2800 W BROWN ST
360;90530078;02/22/2009;07:12 PM;3.0;THEFT OF MOTOR VEHICLE PARTS/ACCESSORIES;;;;;[43.05817867055225, -87.94989859925535];2113 N 29TH ST
361;90520091;02/21/2009;03:37 PM;7.0;THEFT OF MOTOR VEHICLE PARTS/ACCESSORIES;;;;;[43.06925599417161, -87.95972588631791];2762 N 37TH ST
362;90510048;02/20/2009;12:10 PM;3.0;THEFT OF MOTOR VEHICLE PARTS/ACCESSORIES;;;;;[43.065288335276136, -87.9610816392173];2545 N 38TH ST
363;90500037;02/19/2009;09:16 AM;3.0;THEFT OF MOTOR VEHICLE PARTS/ACCESSORIES;;;;;[43.06134683819033, -87.9700616281088];2333 N 45TH ST
364;90500048;02/19/2009;10:24 AM;1.0;THEFT OF MOTOR VEHICLE PARTS/ACCESSORIES;;;;;[43.05932865938399, -87.92738259889342];2205 N TEUTONIA AV
365;90500065;02/19/2009;12:57 PM;3.0;THEFT FROM MOTOR VEHICLE;;;;;[43.060560520630474, -87.94816102553523];2727 W NORTH AV
366;90490074;02/18/2009;02:26 PM;3.0;THEFT FROM MOTOR VEHICLE;;;;;[43.06055749437316, -87.9395815528012];2100 W NORTH AV
367;90480015;02/17/2009;02:22 AM;3.0;THEFT OF MOTOR VEHICLE PARTS/ACCESSORIES;;;;;[43.05808242740504, -87.96824744728477];4315 W LISBON AV
368;90480032;02/17/2009;08:43 AM;5.0;THEFT OF MOTOR VEHICLE PARTS/ACCESSORIES;;;;;[43.06855399417162, -87.94483538631792];2728 N 25TH ST
369;90480069;02/17/2009;11:54 AM;3.0;THEFT OF MOTOR VEHICLE PARTS/ACCESSORIES;;;;;[43.06144483236193, -87.93875588631792];2340 N 21ST ST
370;90470016;02/16/2009;04:56 AM;3.0;THEFT FROM MOTOR VEHICLE;;;;;[43.048777493219326, -87.958944];3542 W VLIET ST
371;90460067;02/15/2009;12:24 PM;3.0;THEFT FROM MOTOR VEHICLE;DESTRUCTION/DAMAGE/VANDALISM OF PROPERTY;;;;[43.052363748542916, -87.95285341185313];1638 N 31ST ST
372;90460097;02/15/2009;04:32 PM;3.0;THEFT OF MOTOR VEHICLE PARTS/ACCESSORIES;;;;;[43.060139696087475, -87.95757808814686];2225 N 35TH ST
373;90460106;02/15/2009;05:23 PM;3.0;THEFT OF MOTOR VEHICLE PARTS/ACCESSORIES;;;;;[43.05970741326678, -87.95751242627985];2214 N 35TH ST
374;90460110;02/15/2009;06:14 PM;3.0;THEFT OF MOTOR VEHICLE PARTS/ACCESSORIES;;;;;[43.058808251457094, -87.95636010257358];2145 N 34TH ST
375;90440095;02/13/2009;04:25 PM;3.0;THEFT FROM MOTOR VEHICLE;;;;;[43.0535474094003, -87.9477900663339];2700 W LISBON AV
376;90440118;02/13/2009;07:24 PM;3.0;THEFT FROM MOTOR VEHICLE;;;;;[43.0535474094003, -87.9477900663339];2700 W LISBON AV
377;90430068;02/12/2009;12:55 PM;3.0;THEFT FROM MOTOR VEHICLE;;;;;[43.0544316233483, -87.95578640383172];3315 W LISBON AV
378;90430109;02/12/2009;05:16 PM;1.0;THEFT OF MOTOR VEHICLE PARTS/ACCESSORIES;;;;;[43.06401053318128, -87.927183];1210 W WRIGHT ST
379;90430117;02/12/2009;05:47 PM;3.0;THEFT FROM MOTOR VEHICLE;;;;;[43.056267539529266, -87.93840077699232];2023 W BROWN ST
380;90430164;02/12/2009;08:54 PM;3.0;THEFT FROM BUILDING;;;;;[43.058610419095174, -87.94873963200395];2137 N 28TH ST
381;90420058;02/11/2009;11:12 AM;3.0;THEFT OF MOTOR VEHICLE PARTS/ACCESSORIES;;;;;[43.058700000000016, -87.95398760646873];2135 N 32ND ST
382;90420124;02/11/2009;04:03 PM;3.0;THEFT OF MOTOR VEHICLE PARTS/ACCESSORIES;;;;;[43.04248319741272, -87.95969409394033];937 N 37TH ST
383;90420144;02/11/2009;06:38 PM;3.0;THEFT OF MOTOR VEHICLE PARTS/ACCESSORIES;;;;;[43.04798027699232, -87.9611491392173];1339 N 38TH ST
384;90420153;02/11/2009;07:13 PM;3.0;THEFT FROM MOTOR VEHICLE;;;;;[43.052768991373, -87.94334023065373];2423 W LISBON AV
385;90410019;02/10/2009;07:47 AM;3.0;THEFT OF MOTOR VEHICLE PARTS/ACCESSORIES;;;;;[43.059260460470746, -87.96940158090484];4414 W GARFIELD AV
386;90410040;02/10/2009;10:46 AM;7.0;THEFT OF MOTOR VEHICLE PARTS/ACCESSORIES;;;;;[43.06795952207276, -87.94759091909516];2708 W CENTER ST
387;90410054;02/10/2009;12:37 PM;3.0;THEFT FROM MOTOR VEHICLE;;;;;[43.05530784572418, -87.96241920443546];1909 N 39TH ST
388;90400086;02/09/2009;04:17 PM;5.0;THEFT OF MOTOR VEHICLE PARTS/ACCESSORIES;;;;;[43.06885275437128, -87.925397592042];2757 N 11TH ST
389;90400115;02/09/2009;06:36 PM;5.0;THEFT OF MOTOR VEHICLE PARTS/ACCESSORIES;;;;;[43.069609505049904, -87.93931330252754];2121 W HADLEY ST
390;90390061;02/08/2009;10:58 AM;3.0;THEFT OF MOTOR VEHICLE PARTS/ACCESSORIES;;;;;[43.067583586733235, -87.97000057703836];2673 N 45TH ST
391;90390076;02/08/2009;02:45 PM;3.0;THEFT FROM BUILDING;;;;;[43.065377696087495, -87.97245162479058];2551 N 47TH ST
392;90380043;02/07/2009;09:12 AM;7.0;THEFT OF MOTOR VEHICLE PARTS/ACCESSORIES;;;;;[43.069437502914184, -87.94864011368207];2771 N 28TH ST
393;90380119;02/07/2009;07:38 PM;3.0;THEFT OF MOTOR VEHICLE PARTS/ACCESSORIES;;;;;[43.06237248456366, -87.9643222041089];4007 W MEINECKE AV
394;90360111;02/05/2009;08:32 PM;3.0;THEFT OF MOTOR VEHICLE PARTS/ACCESSORIES;;;;;[43.06605546047076, -87.94815283236193];2722 W CLARKE ST
395;90350037;02/04/2009;10:21 AM;3.0;THEFT OF MOTOR VEHICLE PARTS/ACCESSORIES;;;;;[43.06577821313994, -87.94382877604004];2443 W MONROE ST
396;90350119;02/04/2009;07:59 PM;3.0;THEFT OF MOTOR VEHICLE PARTS/ACCESSORIES;;;;;[43.04893439533948, -87.96939916281725];4420 W VLIET ST
397;90340055;02/03/2009;01:10 PM;3.0;THEFT FROM MOTOR VEHICLE;;;;;[43.05576708964742, -87.95261060372742];1945 N 31ST ST
398;90340067;02/03/2009;02:48 PM;5.0;THEFT FROM MOTOR VEHICLE;;;;;[43.069609505049904, -87.93931330252754];2121 W HADLEY ST
399;90330035;02/02/2009;08:28 AM;1.0;THEFT OF MOTOR VEHICLE PARTS/ACCESSORIES;;;;;[43.06509866472388, -87.9239828641009];2554 N 10TH ST
400;90330114;02/02/2009;02:54 PM;1.0;THEFT OF MOTOR VEHICLE PARTS/ACCESSORIES;;;;;[43.04863519410624, -87.92714419410622];1200 W VLIET ST
401;90330134;02/02/2009;04:25 PM;3.0;THEFT OF MOTOR VEHICLE PARTS/ACCESSORIES;;;;;[43.06049451875456, -87.9345135];1730 W NORTH AV
402;90320042;02/01/2009;08:36 AM;3.0;THEFT OF MOTOR VEHICLE PARTS/ACCESSORIES;;;;;[43.05328542630853, -87.94997756650677];1719 N 29TH ST
403;90320078;02/01/2009;01:55 PM;3.0;THEFT OF MOTOR VEHICLE PARTS/ACCESSORIES;;;;;[43.0569534970858, -87.95754492238471];2024 N 35TH ST
404;90320090;02/01/2009;03:54 PM;3.0;THEFT OF MOTOR VEHICLE PARTS/ACCESSORIES;;;;;[43.06052533120629, -87.93270055647633];1600 W NORTH AV
405;90590042;02/28/2009;10:32 AM;4.0;THEFT OF MOTOR VEHICLE PARTS/ACCESSORIES;;;;;[43.11624070474316, -87.99477995824863];5403 N 67TH ST
406;90590073;02/28/2009;02:55 PM;7.0;THEFT OF MOTOR VEHICLE PARTS/ACCESSORIES;;;;;[43.09196399999999, -88.00177388631792];4102 N 72ND ST
407;90580037;02/27/2009;09:46 AM;7.0;THEFT OF MOTOR VEHICLE PARTS/ACCESSORIES;;;;;[43.10388332249418, -87.99062011131616];6305 W SPENCER PL
408;90570030;02/26/2009;09:09 AM;4.0;THEFT OF MOTOR VEHICLE PARTS/ACCESSORIES;;;;;[43.12269740743841, -88.0307154190665];5760 N 95TH ST
409;90570048;02/26/2009;11:15 AM;4.0;THEFT OF MOTOR VEHICLE PARTS/ACCESSORIES;;;;;[43.12600233527613, -88.00969760646872];5943 N 79TH ST
410;90570051;02/26/2009;11:38 AM;4.0;THEFT OF MOTOR VEHICLE PARTS/ACCESSORIES;;;;;[43.120206922009345, -88.025999592042];5629 N 91ST ST
411;90560033;02/25/2009;07:57 AM;4.0;THEFT FROM MOTOR VEHICLE;;;;;[43.113621204570265, -88.00050648586173];7128 W GRANTOSA DR
412;90560094;02/25/2009;03:52 PM;7.0;THEFT OF MOTOR VEHICLE PARTS/ACCESSORIES;;;;;[43.09460452455786, -88.00762483893767];7600 W APPLETON AV
413;90550031;02/24/2009;09:11 AM;7.0;THEFT FROM MOTOR VEHICLE;;;;;[43.103475, -88.00062638631792];4722 N 71ST ST
414;90550055;02/24/2009;12:07 PM;7.0;THEFT OF MOTOR VEHICLE PARTS/ACCESSORIES;;;;;[43.09797583236195, -87.99184539353128];4430 N 64TH ST
415;90550080;02/24/2009;02:19 PM;4.0;THEFT OF MOTOR VEHICLE PARTS/ACCESSORIES;;;;;[43.11635252262104, -88.00616815422094];5401 N 76TH ST
416;90540031;02/23/2009;08:10 AM;7.0;THEFT OF MOTOR VEHICLE PARTS/ACCESSORIES;;;;;[43.096646548086994, -87.98299235900915];4300 N 56TH ST
417;90540043;02/23/2009;09:06 AM;4.0;THEFT OF MOTOR VEHICLE PARTS/ACCESSORIES;;;;;[43.121484303912524, -87.9984448607827];5700 N 70TH ST
418;90540093;02/23/2009;01:41 PM;7.0;THEFT OF MOTOR VEHICLE PARTS/ACCESSORIES;;;;;[43.11017966472389, -88.01585283135233];5074 N 84TH ST
419;90540097;02/23/2009;02:24 PM;7.0;THEFT OF MOTOR VEHICLE PARTS/ACCESSORIES;;;;;[43.1049315004327, -87.99205972009348];6420 W HAMPTON AV
420;90540101;02/23/2009;02:34 PM;4.0;THEFT OF MOTOR VEHICLE PARTS/ACCESSORIES;;;;;[43.1246299490286, -88.02830559105534];9300 W FLAGG AV
421;90530075;02/22/2009;06:34 PM;7.0;THEFT OF MOTOR VEHICLE PARTS/ACCESSORIES;;;;;[43.10611416902305, -88.01349537679687];4850 N 82ND ST
422;90510071;02/20/2009;02:40 PM;4.0;THEFT OF MOTOR VEHICLE PARTS/ACCESSORIES;;;;;[43.133979234912665, -88.00229933402325];7301 W MILL RD
423;90510086;02/20/2009;04:53 PM;7.0;THEFT OF MOTOR VEHICLE PARTS/ACCESSORIES;;;;;[43.094633845143896, -87.98215225670856];5500 W FOND DU LAC AV
424;90510107;02/20/2009;06:40 PM;7.0;THEFT OF MOTOR VEHICLE PARTS/ACCESSORIES;;;;;[43.10513726598141, -88.01422994041116];8200 W HAMPTON AV
425;90500040;02/19/2009;09:33 AM;4.0;THEFT OF MOTOR VEHICLE PARTS/ACCESSORIES;;;;;[43.12429124562871, -88.0008728280341];5850 N 72ND ST
426;90490032;02/18/2009;09:38 AM;4.0;THEFT OF MOTOR VEHICLE PARTS/ACCESSORIES;;;;;[43.12146611518264, -87.99730010646873];5701 N 69TH ST
427;90490087;02/18/2009;03:50 PM;7.0;THEFT OF MOTOR VEHICLE PARTS/ACCESSORIES;;;;;[43.10487054674263, -88.00249444463039];7213 W HAMPTON AV
428;90480006;02/17/2009;12:46 AM;4.0;THEFT FROM MOTOR VEHICLE;;;;;[43.11226550432783, -88.01208];8100 W VILLARD AV
429;90480053;02/17/2009;10:39 AM;4.0;THEFT OF MOTOR VEHICLE PARTS/ACCESSORIES;;;;;[43.122646005828386, -88.02590758093349];5759 N 91ST ST
430;90480080;02/17/2009;01:06 PM;7.0;THEFT OF MOTOR VEHICLE PARTS/ACCESSORIES;;;;;[43.098362864652714, -88.00692436385789];4456 N 76TH ST
431;90480093;02/17/2009;02:35 PM;4.0;THEFT OF MOTOR VEHICLE PARTS/ACCESSORIES;;;;;[43.11753760479075, -87.99111784730184];5461 N 64TH ST
432;90480096;02/17/2009;02:45 PM;7.0;THEFT FROM MOTOR VEHICLE;;;;;[43.09346551399403, -87.98505325145709];5825 W HOPE AV
433;90480119;02/17/2009;05:01 PM;7.0;THEFT OF MOTOR VEHICLE PARTS/ACCESSORIES;;;;;[43.09540194806034, -87.98060330170128];4302 N 54TH ST
434;90470121;02/16/2009;08:12 PM;7.0;THEFT OF MOTOR VEHICLE PARTS/ACCESSORIES;;;;;[43.10354699999999, -88.00069812479057];4725 N 71ST ST
435;90460113;02/15/2009;06:25 PM;7.0;THEFT FROM MOTOR VEHICLE;;;;;[43.10625554954123, -88.00599588242277];4852 N 76TH ST
436;90440052;02/13/2009;10:54 AM;7.0;THEFT FROM MOTOR VEHICLE;;;;;[43.090134401484285, -87.98439297263099];5700 W CAPITOL DR
437;90440057;02/13/2009;11:54 AM;7.0;THEFT OF MOTOR VEHICLE PARTS/ACCESSORIES;;;;;[43.10485649321934, -87.98891332944774];6200 W HAMPTON AV
438;90440108;02/13/2009;05:49 PM;4.0;THEFT OF MOTOR VEHICLE PARTS/ACCESSORIES;;;;;[43.13388152842076, -88.02096202553523];8723 W MILL RD
439;90430052;02/12/2009;11:00 AM;4.0;THEFT OF MOTOR VEHICLE PARTS/ACCESSORIES;;;;;[43.13151757507646, -88.02521386799604];6242 N 91ST ST #9
440;90430177;02/12/2009;10:31 PM;4.0;THEFT OF MOTOR VEHICLE PARTS/ACCESSORIES;;;;;[43.11480299443143, -88.00985924037725];7917 W MEDFORD AV
441;90420046;02/11/2009;09:39 AM;7.0;THEFT OF MOTOR VEHICLE PARTS/ACCESSORIES;;;;;[43.09630124562872, -87.97685589353127];4344 N 51ST BL
442;90420129;02/11/2009;04:36 PM;4.0;THEFT OF MOTOR VEHICLE PARTS/ACCESSORIES;;;;;[43.133979234912665, -88.00229933402325];7301 W MILL RD
443;90470128;02/10/2009;03:33 PM;4.0;THEFT FROM MOTOR VEHICLE;;;;;[43.118765444630384, -88.02601763258086];5555 N 91ST ST
444;90400070;02/09/2009;01:56 PM;7.0;THEFT FROM MOTOR VEHICLE;;;;;[43.105146265992886, -88.00666376599287];7600 W HAMPTON AV
445;90400099;02/09/2009;05:13 PM;4.0;THEFT FROM MOTOR VEHICLE;;;;;[43.118765444630384, -88.02601763258086];5555 N 91ST ST
446;90380075;02/07/2009;12:55 PM;4.0;THEFT FROM MOTOR VEHICLE;;;;;[43.12036897501303, -88.00361048462099];5627 N 74TH ST
447;90380091;02/07/2009;03:30 PM;7.0;THEFT FROM MOTOR VEHICLE;THEFT OF MOTOR VEHICLE PARTS/ACCESSORIES;;;;[43.09003146047076, -88.00223327699231];7210 W CAPITOL DR
448;90380095;02/07/2009;05:04 PM;7.0;THEFT OF MOTOR VEHICLE PARTS/ACCESSORIES;;;;;[43.102993514859406, -88.00161283236193];7130 W COURTLAND AV
449;90370068;02/06/2009;01:13 PM;7.0;THEFT OF MOTOR VEHICLE PARTS/ACCESSORIES;;;;;[43.107511129320905, -87.99870160840197];6959 W FOND DU LAC AV
450;90370090;02/06/2009;04:38 PM;7.0;THEFT OF MOTOR VEHICLE PARTS/ACCESSORIES;;;;;[43.10221458090484, -87.99558013200395];4661 N 67TH ST
451;90360084;02/05/2009;05:50 PM;7.0;THEFT OF MOTOR VEHICLE PARTS/ACCESSORIES;;;;;[43.09346551399403, -87.98505325145709];5825 W HOPE AV
452;90340069;02/03/2009;03:05 PM;4.0;THEFT FROM MOTOR VEHICLE;;;;;[43.133979234912665, -88.00229933402325];7301 W MILL RD
453;90330049;02/02/2009;09:42 AM;7.0;THEFT OF MOTOR VEHICLE PARTS/ACCESSORIES;;;;;[43.10038908964742, -87.9868295809335];4555 N 60TH ST
454;90320062;02/01/2009;11:12 AM;7.0;THEFT OF MOTOR VEHICLE PARTS/ACCESSORIES;;;;;[43.09346551399403, -87.98505325145709];5825 W HOPE AV
455;90590025;02/28/2009;08:10 AM;5.0;THEFT OF MOTOR VEHICLE PARTS/ACCESSORIES;DESTRUCTION/DAMAGE/VANDALISM OF PROPERTY;;;;[43.06566409215759, -87.87675635472317];2605 N SUMMIT AV
456;90570006;02/26/2009;12:33 AM;5.0;THEFT FROM MOTOR VEHICLE;;;;;[43.06937122045991, -87.90127068464456];822 E HADLEY ST
457;90570101;02/26/2009;05:14 PM;1.0;THEFT OF MOTOR VEHICLE PARTS/ACCESSORIES;;;;;[43.07457248124546, -87.88593133236193];1919 E KENWOOD BL
458;90560061;02/25/2009;11:23 AM;5.0;THEFT FROM MOTOR VEHICLE;;;;;[43.060590040538855, -87.89549238689483];2340 N COMMERCE ST
459;90560085;02/25/2009;02:42 PM;1.0;THEFT FROM MOTOR VEHICLE;;;;;[43.050645, -87.90346113142702];1603 N VAN BUREN ST
460;90560089;02/25/2009;02:59 PM;5.0;THEFT FROM MOTOR VEHICLE;;;;;[43.06614147879261, -87.88638247446477];1904 E BELLEVIEW PL
461;90560128;02/25/2009;07:28 PM;1.0;THEFT FROM MOTOR VEHICLE;;;;;[43.055526579423585, -87.8908999764536];1633 E KANE PL
462;90550134;02/24/2009;06:53 PM;1.0;THEFT FROM MOTOR VEHICLE;;;;;[43.04818452986307, -87.90425197446477];600 E OGDEN AV
463;90540067;02/23/2009;11:43 AM;1.0;THEFT FROM MOTOR VEHICLE;;;;;[43.050635169910706, -87.90987249772752];1575 N RIVERCENTER DR
464;90540144;02/23/2009;06:20 PM;5.0;THEFT OF MOTOR VEHICLE PARTS/ACCESSORIES;;;;;[43.06197548845881, -87.89669983236193];1135 E MEINECKE AV
465;90510050;02/20/2009;12:05 PM;1.0;THEFT FROM MOTOR VEHICLE;;;;;[43.04582092983219, -87.90456499440644];610 E JUNEAU AV
466;90500084;02/19/2009;04:30 PM;5.0;THEFT OF MOTOR VEHICLE PARTS/ACCESSORIES;;;;;[43.069500000000005, -87.90283963200395];2805 N PIERCE ST
467;90500103;02/19/2009;06:38 PM;1.0;THEFT FROM MOTOR VEHICLE;;;;;[43.046165814618405, -87.90358834801775];1233 N VAN BUREN ST
468;90490072;02/18/2009;02:14 PM;1.0;THEFT FROM MOTOR VEHICLE;;;;;[43.059253681949215, -87.88373818330552];2116 E IVANHOE PL
469;90490085;02/18/2009;03:48 PM;1.0;THEFT FROM MOTOR VEHICLE;;;;;[43.046306077990664, -87.89970492959809];1228 N ASTOR ST
470;90480089;02/17/2009;01:27 PM;5.0;THEFT FROM BUILDING;;;;;[43.071308444630375, -87.8904080809335];2911 N NEWHALL ST
471;90480116;02/17/2009;04:52 PM;1.0;THEFT FROM MOTOR VEHICLE;;;;;[43.049859073206164, -87.90774468568196];1551 N WATER ST
472;90480117;02/17/2009;04:55 PM;1.0;THEFT OF MOTOR VEHICLE PARTS/ACCESSORIES;;;;;[43.04573451601326, -87.90036358673322];924 E JUNEAU AV
473;90480165;02/17/2009;10:33 PM;1.0;THEFT FROM MOTOR VEHICLE;;;;;[43.05814025398463, -87.88579872702927];2145 N PROSPECT AV
474;90470094;02/16/2009;04:49 PM;1.0;THEFT FROM MOTOR VEHICLE;;;;;[43.055271315829074, -87.88843991975898];1930 N PROSPECT AV
475;90460096;02/15/2009;04:25 PM;5.0;THEFT FROM MOTOR VEHICLE;;;;;[43.071173863725534, -87.88921761368208];2905 N BARTLETT AV
476;90450024;02/14/2009;02:36 AM;1.0;THEFT FROM MOTOR VEHICLE;;;;;[43.048262649200645, -87.91057511200864];1421 N WATER ST
477;90450052;02/14/2009;10:05 AM;1.0;THEFT FROM MOTOR VEHICLE;;;;;[43.045854876012264, -87.91145555123232];150 E JUNEAU AV
478;90450156;02/14/2009;10:00 PM;1.0;THEFT FROM MOTOR VEHICLE;;;;;[43.05468541326678, -87.89493590406286];1814 N ARLINGTON PL
479;90450167;02/14/2009;10:48 PM;1.0;THEFT FROM MOTOR VEHICLE;;;;;[43.05540541326678, -87.89491487520941];1842 N ARLINGTON PL
480;90440068;02/13/2009;01:28 PM;1.0;THEFT FROM MOTOR VEHICLE;;;;;[43.05169389177092, -87.89352621942966];1619 N FARWELL AV
481;90440082;02/13/2009;02:56 PM;1.0;THEFT FROM MOTOR VEHICLE;;;;;[43.05776080290912, -87.88763290420165];2108 N FARWELL AV
482;90440102;02/13/2009;05:11 PM;1.0;THEFT FROM MOTOR VEHICLE;;;;;[43.05295335467484, -87.89221176962155];1500 E BRADY ST
483;90440126;02/13/2009;08:32 PM;5.0;THEFT FROM MOTOR VEHICLE;;;;;[43.06085244221907, -87.8797688518676];2323 N LAKE DR
484;90430041;02/12/2009;09:49 AM;5.0;THEFT OF MOTOR VEHICLE PARTS/ACCESSORIES;;;;;[43.06564146047075, -87.89711383236194];1120 E CLARKE ST
485;90430161;02/12/2009;09:06 PM;1.0;THEFT FROM MOTOR VEHICLE;;;;;[43.04952003136361, -87.90472811757722];1501 N JACKSON ST
486;90420034;02/11/2009;08:02 AM;1.0;THEFT FROM MOTOR VEHICLE;;;;;[43.04690249956731, -87.90129377699232];829 E KNAPP ST
487;90420074;02/11/2009;12:37 PM;1.0;THEFT FROM MOTOR VEHICLE;;;;;[43.04818452986307, -87.90425197446477];600 E OGDEN AV
488;90420099;02/11/2009;01:40 PM;1.0;THEFT FROM MOTOR VEHICLE;;;;;[43.04597224651224, -87.9046931519827];1214 N JACKSON ST
489;90420135;02/11/2009;05:26 PM;5.0;THEFT OF MOTOR VEHICLE PARTS/ACCESSORIES;;;;;[43.067501474897476, -87.903063];632 E CENTER ST
490;90420138;02/11/2009;06:01 PM;1.0;THEFT FROM MOTOR VEHICLE;;;;;[43.047297000000015, -87.89698013258086];1313 N FRANKLIN PL
491;90410023;02/10/2009;08:14 AM;5.0;THEFT FROM MOTOR VEHICLE;;;;;[43.075945508742564, -87.88911755539827];3209 N BARTLETT AV
492;90410025;02/10/2009;08:35 AM;5.0;THEFT FROM MOTOR VEHICLE;;;;;[43.07411758673322, -87.89910811700031];3059 N WEIL ST
493;90410077;02/10/2009;03:00 PM;5.0;THEFT FROM MOTOR VEHICLE;;;;;[43.06631413627446, -87.90281237520941];2628 N PIERCE ST
494;90400022;02/09/2009;08:12 AM;5.0;THEFT FROM MOTOR VEHICLE;;;;;[43.077175491257435, -87.88899445181508];3268 N BARTLETT AV
495;90400067;02/09/2009;01:35 PM;5.0;THEFT FROM MOTOR VEHICLE;;;;;[43.06607048845882, -87.88209202553523];2223 E BELLEVIEW PL
496;90390050;02/08/2009;09:03 AM;5.0;THEFT FROM BUILDING;;;;;[43.07070482653356, -87.873352907958];2862 N MARIETTA AV #LOWER
497;90390090;02/08/2009;02:40 PM;5.0;THEFT FROM MOTOR VEHICLE;;;;;[43.070365104095565, -87.88788575456343];2844 N OAKLAND AV
498;90390110;02/08/2009;05:08 PM;1.0;THEFT OF MOTOR VEHICLE PARTS/ACCESSORIES;;;;;[43.05444651875457, -87.8977215];1108 E HAMILTON ST
499;90380044;02/07/2009;09:24 AM;5.0;THEFT OF MOTOR VEHICLE PARTS/ACCESSORIES;;;;;[43.0711335310169, -87.89476195498906];1350 E LOCUST ST
500;90370058;02/06/2009;11:37 AM;5.0;THEFT FROM MOTOR VEHICLE;;;;;[43.07275177504209, -87.88780239646893];1803 E LINNWOOD AV
501;90370116;02/06/2009;07:54 PM;5.0;THEFT FROM MOTOR VEHICLE;;;;;[43.06085244221907, -87.8797688518676];2323 N LAKE DR
502;90360091;02/05/2009;05:32 PM;1.0;THEFT FROM MOTOR VEHICLE;;;;;[43.05784898334762, -87.887727635187];2109 N FARWELL AV
503;90330012;02/02/2009;01:20 AM;5.0;THEFT FROM MOTOR VEHICLE;;;;;[43.07978948211084, -87.90161358090484];726 E TOWNSEND ST
504;90330047;02/02/2009;09:34 AM;5.0;THEFT OF MOTOR VEHICLE PARTS/ACCESSORIES;;;;;[43.069494486924754, -87.88593276083272];1966 E NEWBERRY BL
505;90330140;02/02/2009;05:10 PM;5.0;THEFT FROM MOTOR VEHICLE;;;;;[43.06715994754458, -87.88060762089545];2649 N PROSPECT AV
506;90330169;02/02/2009;07:33 PM;1.0;THEFT FROM MOTOR VEHICLE;;;;;[43.05484683845013, -87.89050864138169];1840 N FARWELL AV
507;90330183;02/02/2009;09:32 PM;1.0;THEFT FROM MOTOR VEHICLE;;;;;[43.058867973339616, -87.88496942988654];2200 N PROSPECT AV
508;90320088;02/01/2009;03:37 PM;5.0;THEFT FROM MOTOR VEHICLE;;;;;[43.0674444676841, -87.89403141618097];1300 E PARK PL
509;90440163;02/01/2009;03:18 AM;5.0;THEFT FROM BUILDING;;;;;[43.07179558673323, -87.88672913532217];2939 N CRAMER ST
510;90590045;02/28/2009;10:59 AM;3.0;THEFT OF MOTOR VEHICLE PARTS/ACCESSORIES;;;;;[43.04070899999999, -87.944893430175];818 N 25TH ST
511;90590094;02/28/2009;05:19 PM;1.0;THEFT FROM MOTOR VEHICLE;;;;;[43.03684093810951, -87.9075170385483];500 N BROADWAY
512;90590095;02/28/2009;05:27 PM;1.0;THEFT FROM MOTOR VEHICLE;;;;;[43.038801662008936, -87.90640986454073];700 N MILWAUKEE ST
513;90580036;02/27/2009;09:46 AM;3.0;THEFT OF MOTOR VEHICLE PARTS/ACCESSORIES;;;;;[43.04611027093035, -87.95536503470753];1215 N 33RD ST
514;90580042;02/27/2009;10:12 AM;3.0;THEFT FROM MOTOR VEHICLE;;;;;[43.04160152120739, -87.9399844730798];2125 W KILBOURN AV
515;90580087;02/27/2009;03:50 PM;1.0;THEFT FROM MOTOR VEHICLE;;;;;[43.04770803219358, -87.92269471650522];1037 W MC KINLEY AV
516;90570005;02/26/2009;12:53 AM;1.0;THEFT FROM MOTOR VEHICLE;;;;;[43.03687973586903, -87.9075035201878];550 N BROADWAY
517;90570013;02/26/2009;02:08 AM;1.0;THEFT FROM MOTOR VEHICLE;;;;;[43.04246799848112, -87.92034573730189];951 N JAMES LOVELL ST
518;90570047;02/26/2009;11:09 AM;3.0;THEFT FROM MOTOR VEHICLE;;;;;[43.04167149105494, -87.94058026977895];2200 W KILBOURN AV
519;90570070;02/26/2009;02:05 PM;1.0;THEFT OF MOTOR VEHICLE PARTS/ACCESSORIES;;;;;[43.04206494362078, -87.91078522119001];139 E KILBOURN AV
520;90570075;02/26/2009;02:22 PM;1.0;THEFT FROM MOTOR VEHICLE;;;;;[43.03172845628714, -87.9068660467426];158 N BROADWAY
521;90570103;02/26/2009;05:25 PM;1.0;THEFT OF MOTOR VEHICLE PARTS/ACCESSORIES;;;;;[43.04280250288552, -87.90040966610884];903 E KILBOURN AV
522;90570136;02/26/2009;09:36 PM;1.0;THEFT OF MOTOR VEHICLE PARTS/ACCESSORIES;;;;;[43.037511206352676, -87.90769365450161];601 N BROADWAY
523;90570140;02/26/2009;09:58 PM;3.0;THEFT FROM MOTOR VEHICLE;;;;;[43.047399348006714, -87.95761315199329];1300 N 35TH ST
524;90560028;02/25/2009;07:36 AM;1.0;THEFT FROM MOTOR VEHICLE;;;;;[43.04365992062437, -87.91610749163186];1001 N 4TH ST
525;90560048;02/25/2009;09:06 AM;1.0;THEFT FROM MOTOR VEHICLE;;;;;[43.038940374825415, -87.90642567372203];706 N MILWAUKEE ST
526;90560080;02/25/2009;01:58 PM;1.0;THEFT FROM MOTOR VEHICLE;;;;;[43.034090951151256, -87.90739066183833];301 N BROADWAY
527;90560081;02/25/2009;10:52 AM;3.0;THEFT FROM BUILDING;;;;;[43.04102725867046, -87.95646009593713];827 N 34TH ST
528;90560088;02/25/2009;03:11 PM;1.0;THEFT FROM MOTOR VEHICLE;;;;;[43.02854109726119, -87.90372958553623];500 E ERIE ST
529;90560090;02/25/2009;03:35 PM;3.0;THEFT OF MOTOR VEHICLE PARTS/ACCESSORIES;;;;;[43.041637542847496, -87.95143277699232];2925 W KILBOURN AV
530;90560097;02/25/2009;04:13 PM;1.0;THEFT FROM MOTOR VEHICLE;;;;;[43.03643610069091, -87.9024457002303];701 E CLYBOURN ST
531;90560102;02/25/2009;04:49 PM;1.0;THEFT FROM MOTOR VEHICLE;;;;;[43.03509135507386, -87.9059881463932];403 E ST PAUL AV
532;90560124;02/25/2009;07:25 PM;1.0;THEFT FROM MOTOR VEHICLE;;;;;[43.046701788736, -87.89654903713466];1260 N PROSPECT AV
533;90550038;02/24/2009;09:54 AM;3.0;THEFT OF MOTOR VEHICLE PARTS/ACCESSORIES;;;;;[43.03300567055226, -87.95657811368207];217 N 34TH ST
534;90550069;02/24/2009;01:15 PM;1.0;THEFT FROM MOTOR VEHICLE;;;;;[43.031418517889165, -87.90731038190317];273 E MENOMONEE ST
535;90550153;02/24/2009;09:38 PM;1.0;THEFT FROM MOTOR VEHICLE;;;;;[43.03010103158907, -87.90598739368218];333 E ERIE ST
536;90550155;02/24/2009;09:44 PM;1.0;THEFT FROM MOTOR VEHICLE;;;;;[43.03010103158907, -87.90598739368218];333 E ERIE ST
537;90540045;02/23/2009;09:27 AM;1.0;THEFT FROM MOTOR VEHICLE;;;;;[43.03150551067582, -87.90537185636795];425 E MENOMONEE ST
538;90540070;02/23/2009;11:24 AM;3.0;THEFT FROM MOTOR VEHICLE;;;;;[43.03862851399404, -87.9489225];2733 W WISCONSIN AV
539;90540161;02/23/2009;08:24 PM;3.0;THEFT FROM MOTOR VEHICLE;;;;;[43.05132054674263, -87.93258316763806];1537 W GALENA ST
540;90530043;02/22/2009;11:58 AM;1.0;THEFT FROM MOTOR VEHICLE;;;;;[43.040115484563664, -87.91356111226844];215 W WELLS ST
541;90530067;02/22/2009;04:40 PM;1.0;THEFT FROM MOTOR VEHICLE;;;;;[43.04055375797797, -87.90548116905171];773 N JEFFERSON ST
542;90530071;02/22/2009;06:08 PM;1.0;THEFT FROM MOTOR VEHICLE;;;;;[43.03522702553522, -87.90866542570294];400 N WATER ST
543;90520082;02/21/2009;02:11 PM;3.0;THEFT OF MOTOR VEHICLE PARTS/ACCESSORIES;;;;;[43.044614541540604, -87.93386544164767];1110 N 17TH ST
544;90510041;02/20/2009;11:06 AM;3.0;THEFT OF MOTOR VEHICLE PARTS/ACCESSORIES;;;;;[43.04028152842075, -87.9563205];3401 W WELLS ST
545;90510044;02/20/2009;11:25 AM;1.0;THEFT FROM MOTOR VEHICLE;;;;;[43.04156448715981, -87.91679313370604];412 W KILBOURN AV
546;90510065;02/20/2009;02:26 PM;3.0;THEFT OF MOTOR VEHICLE PARTS/ACCESSORIES;;;;;[43.042293167638064, -87.93666907703836];939 N 19TH ST
547;90510101;02/20/2009;06:03 PM;1.0;THEFT OF MOTOR VEHICLE PARTS/ACCESSORIES;;;;;[43.04410318373822, -87.90836631262643];1020 N BROADWAY
548;90500044;02/19/2009;09:56 AM;3.0;THEFT FROM MOTOR VEHICLE;;;;;[43.04032246826104, -87.95243046725142];3010 W WELLS ST
549;90500136;02/19/2009;10:12 PM;1.0;THEFT FROM MOTOR VEHICLE;;;;;[43.03684093810951, -87.9075170385483];500 N BROADWAY
550;90490050;02/18/2009;11:58 AM;1.0;THEFT FROM MOTOR VEHICLE;;;;;[43.05333386069577, -87.88694633152522];1701 N LINCOLN MEMORIAL DR
551;90490056;02/18/2009;12:36 PM;1.0;THEFT FROM MOTOR VEHICLE;;;;;[43.03977870376811, -87.90856010876841];209 E MASON ST
552;90490116;02/18/2009;06:05 PM;3.0;THEFT OF MOTOR VEHICLE PARTS/ACCESSORIES;;;;;[43.04330790173677, -87.93020796060917];1400 W STATE ST
553;90480040;02/17/2009;08:00 AM;3.0;THEFT FROM MOTOR VEHICLE;;;;;[43.04383079516995, -87.94034899711447];1025 N 22ND ST
554;90480114;02/17/2009;04:48 PM;1.0;THEFT FROM MOTOR VEHICLE;;;;;[43.04030548326467, -87.90105157813488];818 E MASON ST
555;90480122;02/17/2009;05:04 PM;1.0;THEFT FROM MOTOR VEHICLE;;;;;[43.03120472410222, -87.90320857039468];143 N JACKSON ST
556;90470021;02/16/2009;07:56 AM;1.0;THEFT FROM MOTOR VEHICLE;;;;;[43.03150551067582, -87.90537185636795];425 E MENOMONEE ST
557;90470066;02/16/2009;02:36 PM;1.0;THEFT FROM MOTOR VEHICLE;;;;;[43.0334975903399, -87.90732863630312];241 N BROADWAY
558;90470087;02/16/2009;04:31 PM;1.0;THEFT FROM MOTOR VEHICLE;;;;;[43.039289216342816, -87.9115629187611];724 N PLANKINTON AV
559;90470103;02/16/2009;04:51 PM;3.0;THEFT FROM MOTOR VEHICLE;;;;;[43.04873184694315, -87.94030748183225];1407 N 22ND ST
560;90470107;02/16/2009;06:05 PM;3.0;THEFT FROM MOTOR VEHICLE;;;;;[43.04444546162459, -87.941583];2300 W HIGHLAND AV
561;90460001;02/15/2009;12:01 AM;1.0;THEFT FROM MOTOR VEHICLE;;;;;[43.04151676824975, -87.92032958771324];841 N JAMES LOVELL ST
562;90460073;02/15/2009;01:43 PM;1.0;THEFT FROM MOTOR VEHICLE;;;;;[43.03876552510253, -87.91417294463038];275 W WISCONSIN AV
563;90460100;02/15/2009;04:55 PM;1.0;THEFT FROM MOTOR VEHICLE;;;;;[43.0397050535806, -87.91196887396866];740 N PLANKINTON AV
564;90450089;02/14/2009;01:39 PM;1.0;THEFT FROM MOTOR VEHICLE;;;;;[43.03802610896676, -87.90144492298285];621 N CASS ST
565;90440004;02/13/2009;12:04 AM;1.0;THEFT FROM MOTOR VEHICLE;;;;;[43.042897925623286, -87.92094609014762];749 W STATE ST
566;90440018;02/13/2009;01:59 AM;1.0;THEFT FROM MOTOR VEHICLE;;;;;[43.04239264536553, -87.92034795356999];941 N JAMES LOVELL ST
567;90440067;02/13/2009;01:26 PM;3.0;THEFT OF MOTOR VEHICLE PARTS/ACCESSORIES;;;;;[43.045091245628726, -87.93779541574828];1150 N 20TH ST
568;90440073;02/13/2009;01:41 PM;3.0;THEFT FROM MOTOR VEHICLE;;;;;[43.0432174773503, -87.93251116763805];1529 W STATE ST
569;90440084;02/13/2009;03:30 PM;3.0;THEFT OF MOTOR VEHICLE PARTS/ACCESSORIES;;;;;[43.04655832944775, -87.93897244791994];1234 N 21ST ST
570;90430024;02/12/2009;06:59 AM;3.0;THEFT FROM MOTOR VEHICLE;;;;;[43.036947701915864, -87.94639000822296];533 N 26TH ST
571;90430025;02/12/2009;07:55 AM;3.0;THEFT OF MOTOR VEHICLE PARTS/ACCESSORIES;;;;;[43.036307245628706, -87.95399641185313];502 N 32ND ST
572;90430058;02/12/2009;08:03 AM;3.0;THEFT FROM MOTOR VEHICLE;DESTRUCTION/DAMAGE/VANDALISM OF PROPERTY;;;;[43.041693348063106, -87.94151665193691];900 N 23RD ST
573;90430092;02/12/2009;03:12 PM;3.0;THEFT FROM MOTOR VEHICLE;;;;;[43.047185469507845, -87.92717518341719];1301 N 12TH ST
574;90430102;02/12/2009;04:45 PM;3.0;THEFT FROM MOTOR VEHICLE;;;;;[43.04444546162459, -87.941583];2300 W HIGHLAND AV
575;90430103;02/12/2009;04:49 PM;3.0;THEFT OF MOTOR VEHICLE PARTS/ACCESSORIES;;;;;[43.03878147879259, -87.9504705];2848 W WISCONSIN AV
576;90430128;02/12/2009;06:55 PM;3.0;THEFT OF MOTOR VEHICLE PARTS/ACCESSORIES;;;;;[43.038605476773384, -87.943302];2401 W WISCONSIN AV
577;90430138;02/12/2009;07:38 PM;1.0;THEFT FROM MOTOR VEHICLE;;;;;[43.032866373280136, -87.90464789338131];201 N JEFFERSON ST
578;90430139;02/12/2009;02:47 PM;3.0;DESTRUCTION/DAMAGE/VANDALISM OF PROPERTY;THEFT FROM MOTOR VEHICLE;;;;[43.04444546162459, -87.941583];2300 W HIGHLAND AV
579;90430143;02/12/2009;02:47 PM;3.0;THEFT FROM MOTOR VEHICLE;;;;;[43.04444546162459, -87.941583];2300 W HIGHLAND AV
580;90430144;02/12/2009;02:47 PM;3.0;THEFT FROM MOTOR VEHICLE;;;;;[43.04444546162459, -87.941583];2300 W HIGHLAND AV
581;90420010;02/11/2009;01:15 AM;3.0;THEFT FROM MOTOR VEHICLE;;;;;[43.04852154674262, -87.92885249999999];1301 W VLIET ST
582;90420032;02/11/2009;07:46 AM;1.0;THEFT FROM MOTOR VEHICLE;;;;;[43.04298778714282, -87.91589211357147];1000 N 4TH ST
583;90420035;02/11/2009;07:46 AM;3.0;THEFT FROM MOTOR VEHICLE;;;;;[43.04229189726241, -87.94151215764563];940 N 23RD ST
584;90420041;02/11/2009;09:01 AM;1.0;THEFT FROM MOTOR VEHICLE;;;;;[43.032485014046365, -87.90799266352573];225 E CHICAGO ST
585;90420106;02/11/2009;02:49 PM;3.0;THEFT FROM MOTOR VEHICLE;;;;;[43.043723360811356, -87.92719812378004];1017 N 12TH ST
586;90420128;02/11/2009;04:30 PM;3.0;THEFT OF MOTOR VEHICLE PARTS/ACCESSORIES;;;;;[43.03860454284748, -87.94402127699232];2435 W WISCONSIN AV #506
587;90410080;02/10/2009;03:43 PM;1.0;THEFT FROM MOTOR VEHICLE;;;;;[43.03153913602906, -87.90409159179254];525 E MENOMONEE ST
588;90410108;02/10/2009;07:06 PM;1.0;THEFT FROM MOTOR VEHICLE;;;;;[43.04240154674261, -87.90655052109182];401 E KILBOURN AV
589;90410123;02/10/2009;09:09 PM;1.0;THEFT FROM MOTOR VEHICLE;;;;;[43.03172845628714, -87.9068660467426];158 N BROADWAY
590;90400005;02/09/2009;12:42 AM;3.0;THEFT FROM MOTOR VEHICLE;;;;;[43.03629770312558, -87.95274327044649];506 N 31ST ST
591;90400039;02/09/2009;10:52 AM;3.0;THEFT OF MOTOR VEHICLE PARTS/ACCESSORIES;;;;;[43.0410422514571, -87.94161057372014];835 N 23RD ST
592;90400046;02/09/2009;11:55 AM;1.0;THEFT FROM MOTOR VEHICLE;;;;;[43.04282130861573, -87.91068756947828];929 N WATER ST
593;90390040;02/08/2009;08:35 AM;1.0;THEFT FROM MOTOR VEHICLE;;;;;[43.04301127357866, -87.91908807153479];600 W STATE ST
594;90390092;02/08/2009;02:50 PM;1.0;THEFT FROM MOTOR VEHICLE;;;;;[43.034741738364914, -87.89921041863919];350 N HARBOR DR
595;90390099;02/08/2009;03:13 PM;1.0;THEFT FROM MOTOR VEHICLE;;;;;[43.04040261532587, -87.90013906836926];910 E MASON ST
596;90390105;02/08/2009;04:20 PM;1.0;THEFT FROM MOTOR VEHICLE;;;;;[43.03462528535823, -87.89930602327188];600 E HARBOR PL
597;90390114;02/08/2009;05:21 PM;1.0;THEFT FROM MOTOR VEHICLE;;;;;[43.039018586127646, -87.90089006379507];875 E WISCONSIN AV
598;90380073;02/07/2009;01:43 PM;1.0;THEFT FROM MOTOR VEHICLE;;;;;[43.05333386069577, -87.88694633152522];1701 N LINCOLN MEMORIAL DR
599;90380082;02/07/2009;01:41 PM;3.0;THEFT FROM MOTOR VEHICLE;;;;;[43.0374685100989, -87.93987248167814];2123 W MICHIGAN ST
600;90370031;02/06/2009;08:06 AM;1.0;THEFT FROM MOTOR VEHICLE;;;;;[43.03312115098963, -87.90583631926287];212 N MILWAUKEE ST
601;90370080;02/06/2009;03:17 PM;1.0;THEFT FROM BUILDING;;;;;[43.04300749437316, -87.92088280099833];700 W STATE ST
602;90360017;02/05/2009;07:58 AM;3.0;THEFT FROM MOTOR VEHICLE;;;;;[43.045844502885544, -87.94712135789716];2625 W JUNEAU AV
603;90360069;02/05/2009;04:02 PM;1.0;THEFT FROM MOTOR VEHICLE;;;;;[43.049196738113785, -87.89415973577644];1500 N PROSPECT AV
604;90360083;02/05/2009;05:47 PM;1.0;THEFT FROM MOTOR VEHICLE;;;;;[43.043272344711205, -87.90078076397923];921 N MARSHALL ST
605;90350045;02/04/2009;11:52 AM;3.0;THEFT FROM MOTOR VEHICLE;;;;;[43.04378164640202, -87.92712587520941];1020 N 12TH ST
606;90350051;02/04/2009;12:30 PM;1.0;THEFT OF MOTOR VEHICLE PARTS/ACCESSORIES;;;;;[43.04439752049291, -87.91908781341229];600 W HIGHLAND AV
607;90350086;02/04/2009;04:25 PM;1.0;THEFT FROM MOTOR VEHICLE;;;;;[43.038846513798745, -87.9111750270082];700 N PLANKINTON AV
608;90350104;02/04/2009;06:11 PM;1.0;THEFT FROM MOTOR VEHICLE;;;;;[43.04185106771889, -87.90561967294684];825 N JEFFERSON ST
609;90340044;02/03/2009;12:17 PM;3.0;THEFT OF MOTOR VEHICLE PARTS/ACCESSORIES;;;;;[43.04466146436588, -87.9564735];3334 W HIGHLAND BL
610;90330124;02/02/2009;03:54 PM;1.0;THEFT FROM MOTOR VEHICLE;;;;;[43.04310275690173, -87.9006713505145];900 N MARSHALL ST
611;90330141;02/02/2009;05:21 PM;1.0;THEFT FROM MOTOR VEHICLE;;;;;[43.041659448237056, -87.90184757412418];801 N CASS ST
612;90330177;02/02/2009;08:45 PM;1.0;THEFT FROM MOTOR VEHICLE;;;;;[43.04140172198502, -87.90043910231212];750 N MARSHALL ST
613;90590119;02/28/2009;09:42 PM;4.0;THEFT OF MOTOR VEHICLE PARTS/ACCESSORIES;;;;;[43.12561807638264, -88.03504593798705];9875 W MENOMONEE PARK CT
614;90580031;02/27/2009;08:45 AM;7.0;THEFT OF MOTOR VEHICLE PARTS/ACCESSORIES;;;;;[43.10415674052403, -88.0185054532621];8517 W GRANTOSA DR
615;90580099;02/27/2009;05:24 PM;7.0;THEFT OF MOTOR VEHICLE PARTS/ACCESSORIES;;;;;[43.107173497085824, -88.02334759925536];4915 N 89TH ST
616;90530089;02/22/2009;08:16 PM;7.0;THEFT OF MOTOR VEHICLE PARTS/ACCESSORIES;;;;;[43.08148855536962, -88.03217960646872];3445 N 96TH ST
617;90520043;02/21/2009;06:33 AM;7.0;THEFT OF MOTOR VEHICLE PARTS/ACCESSORIES;;;;;[43.104863734167644, -88.01935395949941];8521-A W HAMPTON AV
618;90520067;02/21/2009;11:04 AM;7.0;THEFT OF MOTOR VEHICLE PARTS/ACCESSORIES;;;;;[43.096487462749764, -88.04164052403466];4335 N 104TH ST
619;90510062;02/20/2009;02:01 PM;4.0;THEFT FROM MOTOR VEHICLE;;;;;[43.114410196490084, -88.05555713773609];5326 N LOVERS LANE RD
620;90510124;02/20/2009;08:33 PM;7.0;THEFT FROM MOTOR VEHICLE;;;;;[43.09007065438213, -88.00859483096364];7700 W CAPITOL DR
621;90500090;02/19/2009;02:22 PM;7.0;THEFT FROM MOTOR VEHICLE;;;;;[43.103215204830065, -88.00707949711446];4701 N 76TH ST
622;90480065;02/17/2009;11:41 AM;4.0;THEFT OF MOTOR VEHICLE PARTS/ACCESSORIES;;;;;[43.11956540983224, -88.04119610563386];10332 W SILVER SPRING DR
623;90470073;02/16/2009;03:20 PM;7.0;THEFT OF MOTOR VEHICLE PARTS/ACCESSORIES;;;;;[43.09447930723076, -88.0106053548674];4231 N 78TH ST
624;90460046;02/15/2009;09:48 AM;7.0;THEFT FROM MOTOR VEHICLE;;;;;[43.08851686356726, -88.0189325599703];3975 N 85TH ST
625;90460049;02/15/2009;10:20 AM;7.0;THEFT OF MOTOR VEHICLE PARTS/ACCESSORIES;;;;;[43.09701651875455, -88.02338433527612];8834 W CONGRESS ST
626;90460080;02/15/2009;02:05 PM;7.0;THEFT OF MOTOR VEHICLE PARTS/ACCESSORIES;;;;;[43.10676510378569, -88.01852975050481];8547 W APPLETON AV
627;90450121;02/14/2009;05:41 PM;7.0;THEFT OF MOTOR VEHICLE PARTS/ACCESSORIES;;;;;[43.10577900000001, -88.02093763200395];4831 N 87TH ST
628;90440071;02/13/2009;12:00 PM;4.0;THEFT FROM BUILDING;;;;;[43.1625233522267, -88.05686827218385];11725 W BRADLEY RD
629;90410022;02/10/2009;08:14 AM;7.0;THEFT OF MOTOR VEHICLE PARTS/ACCESSORIES;;;;;[43.07396099174908, -88.01230976022605];3028 N 80TH ST
630;90400029;02/09/2009;09:23 AM;7.0;THEFT OF MOTOR VEHICLE PARTS/ACCESSORIES;;;;;[43.10491554674263, -88.00953291618097];7801 W HAMPTON AV #6
631;90400076;02/09/2009;02:57 PM;7.0;THEFT FROM MOTOR VEHICLE;;;;;[43.080984220093484, -88.02773962089545];3415 N 92ND ST
632;90390073;02/08/2009;12:34 PM;7.0;THEFT OF MOTOR VEHICLE PARTS/ACCESSORIES;;;;;[43.10331283236195, -88.02464440074463];4700 N 90TH ST
633;90380046;02/07/2009;09:30 AM;4.0;THEFT OF MOTOR VEHICLE PARTS/ACCESSORIES;;;;;[43.1336977543713, -88.02558963589908];6373 N 91ST ST
634;90380099;02/07/2009;05:31 PM;4.0;THEFT OF MOTOR VEHICLE PARTS/ACCESSORIES;;;;;[43.12123234883746, -88.03758675053346];10023 W APPLETON AV #7
635;90370097;02/06/2009;05:12 PM;4.0;THEFT FROM MOTOR VEHICLE;;;;;[43.105301497085804, -88.0433063974264];4810 N 105TH ST
636;90360028;02/05/2009;10:15 AM;7.0;THEFT OF MOTOR VEHICLE PARTS/ACCESSORIES;;;;;[43.08978951875455, -88.03504333236194];9728 W CAPITOL DR
637;90350049;02/04/2009;12:26 PM;7.0;THEFT OF MOTOR VEHICLE PARTS/ACCESSORIES;;;;;[43.09365183014023, -88.01611479390054];4200 N 83RD ST
638;90330110;02/02/2009;02:37 PM;7.0;THEFT OF MOTOR VEHICLE PARTS/ACCESSORIES;;;;;[43.094222245628714, -88.01741290074465];4236 N 84TH ST
639;90330113;02/02/2009;02:51 PM;7.0;THEFT OF MOTOR VEHICLE PARTS/ACCESSORIES;;;;;[43.089264586733236, -88.01095009925535];3955 N 79TH ST
640;90330171;02/02/2009;07:37 PM;7.0;THEFT FROM MOTOR VEHICLE;;;;;[43.08416696523492, -88.00862528774329];3677 N 77TH ST
641;90590059;02/28/2009;01:02 PM;5.0;THEFT OF MOTOR VEHICLE PARTS/ACCESSORIES;;;;;[43.072235444630394, -87.93678763200396];2935 N 19TH ST
642;90590076;02/28/2009;03:35 PM;1.0;THEFT OF MOTOR VEHICLE PARTS/ACCESSORIES;;;;;[43.06335258090485, -87.90648435356933];2458 N BUFFUM ST
643;90590117;02/28/2009;09:16 PM;5.0;THEFT OF MOTOR VEHICLE PARTS/ACCESSORIES;;;;;[43.08918575413216, -87.91939538037616];623 W CAPITOL DR
644;90580045;02/27/2009;10:49 AM;5.0;THEFT FROM MOTOR VEHICLE;;;;;[43.07757294754458, -87.92867008814686];3237 N 14TH ST
645;90580095;02/27/2009;05:03 PM;1.0;THEFT OF MOTOR VEHICLE PARTS/ACCESSORIES;DESTRUCTION/DAMAGE/VANDALISM OF PROPERTY;;;;[43.060312486005955, -87.91207183236193];124 W NORTH AV
646;90570116;02/26/2009;07:04 PM;5.0;THEFT OF MOTOR VEHICLE PARTS/ACCESSORIES;;;;;[43.081028245628715, -87.91075487520942];3434 N 1ST ST
647;90560064;02/25/2009;11:37 AM;5.0;THEFT FROM MOTOR VEHICLE;;;;;[43.08642092200935, -87.89942763589909];3845 N BREMEN ST
648;90560076;02/25/2009;01:06 PM;5.0;THEFT OF MOTOR VEHICLE PARTS/ACCESSORIES;;;;;[43.08853625728548, -87.93209856982499];3939 N 17TH ST
649;90560100;02/25/2009;04:29 PM;5.0;THEFT OF MOTOR VEHICLE PARTS/ACCESSORIES;;;;;[43.08845405245543, -87.92949637910455];3932 N 15TH ST
650;90550051;02/24/2009;11:37 AM;5.0;THEFT OF MOTOR VEHICLE PARTS/ACCESSORIES;;;;;[43.08354919900168, -87.92603157372014];3605 N 12TH ST
651;90550079;02/24/2009;12:47 PM;5.0;THEFT FROM MOTOR VEHICLE;;;;;[43.08112724562872, -87.91371390463978];3436 N 3RD ST
652;90550105;02/24/2009;04:43 PM;1.0;THEFT OF MOTOR VEHICLE PARTS/ACCESSORIES;;;;;[43.051963709401114, -87.92425917560114];1632 N 10TH ST
653;90550122;02/24/2009;06:20 PM;5.0;THEFT FROM MOTOR VEHICLE;;;;;[43.08942324597097, -87.9101751794759];138 E CAPITOL DR
654;90540121;02/23/2009;04:22 PM;5.0;THEFT OF MOTOR VEHICLE PARTS/ACCESSORIES;;;;;[43.08888491035259, -87.93573162479058];3947 N 19TH PL
655;90540137;02/23/2009;05:42 PM;5.0;THEFT OF MOTOR VEHICLE PARTS/ACCESSORIES;;;;;[43.084646550637764, -87.92896108673322];1415 W NASH ST
656;90540139;02/23/2009;05:57 PM;5.0;THEFT OF MOTOR VEHICLE PARTS/ACCESSORIES;;;;;[43.07202930391253, -87.91978241517137];2932 N 7TH ST
657;90520089;02/21/2009;03:00 PM;5.0;THEFT OF MOTOR VEHICLE PARTS/ACCESSORIES;;;;;[43.07111069608749, -87.93560006650678];2869 N 18TH ST
658;90520105;02/21/2009;06:04 PM;5.0;THEFT OF MOTOR VEHICLE PARTS/ACCESSORIES;;;;;[43.07163283236193, -87.90765541185313];2918 N RICHARDS ST
659;90520132;02/21/2009;10:22 PM;1.0;THEFT FROM MOTOR VEHICLE;;;;;[43.04743426149401, -87.91590695451315];1325 N 4TH ST
660;90520134;02/21/2009;11:00 PM;1.0;THEFT FROM MOTOR VEHICLE;;;;;[43.04838928548095, -87.91592166807145];401 W VLIET ST
661;90510032;02/20/2009;09:40 AM;5.0;THEFT OF MOTOR VEHICLE PARTS/ACCESSORIES;;;;;[43.08942955395597, -87.93188069608748];1635 W CAPITOL DR
662;90510035;02/20/2009;10:08 AM;5.0;THEFT OF MOTOR VEHICLE PARTS/ACCESSORIES;;;;;[43.07082358673321, -87.93561012479059];2855 N 18TH ST
663;90510079;02/20/2009;04:06 PM;5.0;THEFT OF MOTOR VEHICLE PARTS/ACCESSORIES;;;;;[43.07217299999999, -87.93559759925536];2933 N 18TH ST
664;90510106;02/20/2009;06:35 PM;1.0;THEFT FROM MOTOR VEHICLE;;;;;[43.05382148845882, -87.912342];141 W VINE ST
665;90500024;02/19/2009;07:41 AM;5.0;THEFT FROM MOTOR VEHICLE;;;;;[43.07476746047076, -87.90325272300768];622 E BURLEIGH ST
666;90500026;02/19/2009;07:45 AM;1.0;THEFT FROM MOTOR VEHICLE;;;;;[43.054156037192, -87.91127750432783];1811 N 1ST ST
667;90500029;02/19/2009;08:12 AM;5.0;THEFT OF MOTOR VEHICLE PARTS/ACCESSORIES;;;;;[43.086420859282136, -87.89749908482864];3817 N HUMBOLDT BL
668;90500107;02/19/2009;06:43 PM;1.0;THEFT FROM MOTOR VEHICLE;;;;;[43.06618783236195, -87.91547342627985];2616 N 4TH ST
669;90490031;02/18/2009;09:33 AM;5.0;THEFT OF MOTOR VEHICLE PARTS/ACCESSORIES;;;;;[43.081028245628715, -87.91075487520942];3434 N 1ST ST
670;90490058;02/18/2009;10:51 AM;1.0;THEFT FROM MOTOR VEHICLE;;;;;[43.05543960225648, -87.90450716636866];1890 N COMMERCE ST
671;90490115;02/18/2009;06:00 PM;5.0;THEFT OF MOTOR VEHICLE PARTS/ACCESSORIES;;;;;[43.09352934615349, -87.92106001312864];4155 N PORT WASHINGTON AV
672;90480019;02/17/2009;06:41 AM;1.0;THEFT FROM MOTOR VEHICLE;;;;;[43.06709716763805, -87.91553763589908];2661 N 4TH ST
673;90480021;02/17/2009;07:12 AM;1.0;DESTRUCTION/DAMAGE/VANDALISM OF PROPERTY;THEFT FROM MOTOR VEHICLE;;;;[43.05505047580527, -87.9082237182514];303 E RESERVOIR AV
674;90480059;02/17/2009;11:07 AM;1.0;THEFT OF MOTOR VEHICLE PARTS/ACCESSORIES;;;;;[43.052108542876155, -87.915839592042];1631 N 4TH ST
675;90480072;02/17/2009;12:25 PM;5.0;THEFT OF MOTOR VEHICLE PARTS/ACCESSORIES;;;;;[43.08829350764605, -87.92047014210283];730 W MELVINA ST
676;90480147;02/17/2009;07:26 PM;5.0;THEFT FROM BUILDING;;;;;[43.069303479546384, -87.914235547665];311 W HADLEY ST
677;90470023;02/16/2009;08:04 AM;1.0;THEFT FROM MOTOR VEHICLE;;;;;[43.0475397485429, -87.91581393349323];1300 N 4TH ST
678;90460105;02/15/2009;05:00 PM;5.0;THEFT FROM BUILDING;;;;;[43.0809654970858, -87.93219488631792];3436 N 17TH ST #2
679;90450039;02/14/2009;07:18 AM;5.0;THEFT OF MOTOR VEHICLE PARTS/ACCESSORIES;;;;;[43.086933282820695, -87.94206857761527];3837 N 24TH ST
680;90440089;02/13/2009;04:00 PM;5.0;THEFT OF MOTOR VEHICLE PARTS/ACCESSORIES;;;;;[43.073974005828376, -87.92255008814686];3045 N 9TH ST
681;90440116;02/13/2009;06:58 PM;5.0;THEFT FROM MOTOR VEHICLE;;;;;[43.09352934615349, -87.92106001312864];4155 N PORT WASHINGTON AV
682;90430091;02/12/2009;03:10 PM;1.0;THEFT FROM MOTOR VEHICLE;;;;;[43.05805097198327, -87.89622135443472];2165 N RIVERBOAT RD
683;90430101;02/12/2009;04:37 PM;5.0;THEFT OF MOTOR VEHICLE PARTS/ACCESSORIES;;;;;[43.07996703136362, -87.92364109925535];3345 N 10TH ST
684;90430157;02/12/2009;08:58 PM;1.0;THEFT FROM MOTOR VEHICLE;;;;;[43.05920552928613, -87.89686166472387];1100 E GARFIELD AV
685;90420071;02/11/2009;12:29 PM;5.0;THEFT OF MOTOR VEHICLE PARTS/ACCESSORIES;;;;;[43.07854469608748, -87.93732860646872];3277 N 20TH ST
686;90410051;02/10/2009;12:18 PM;5.0;THEFT OF MOTOR VEHICLE PARTS/ACCESSORIES;;;;;[43.08258482653355, -87.91215288242277];3520 N 2ND ST
687;90410060;02/10/2009;01:04 PM;5.0;THEFT FROM MOTOR VEHICLE;;;;;[43.08332377990652, -87.89756165032581];3615 N HUMBOLDT BL
688;90410078;02/10/2009;03:09 PM;5.0;THEFT OF MOTOR VEHICLE PARTS/ACCESSORIES;;;;;[43.08671696863641, -87.92832391185313];3824 N 14TH ST
689;90410128;02/10/2009;09:25 PM;5.0;THEFT FROM MOTOR VEHICLE;;;;;[43.08332377990652, -87.89756165032581];3615 N HUMBOLDT BL #4
690;90400060;02/09/2009;12:58 PM;1.0;THEFT FROM MOTOR VEHICLE;;;;;[43.060166718275816, -87.90018625408283];909 E NORTH AV
691;90400102;02/09/2009;05:17 PM;1.0;THEFT OF MOTOR VEHICLE PARTS/ACCESSORIES;;;;;[43.05521767055225, -87.91869761036386];1901 N 6TH ST
692;90400121;02/09/2009;07:04 PM;5.0;THEFT OF MOTOR VEHICLE PARTS/ACCESSORIES;;;;;[43.09352934615349, -87.92106001312864];4155 N PORT WASHINGTON AV
693;90390051;02/08/2009;09:22 AM;5.0;THEFT FROM MOTOR VEHICLE;;;;;[43.0812795004327, -87.91168130682671];124 W RANDOLPH ST
694;90390081;02/08/2009;01:20 PM;5.0;THEFT OF MOTOR VEHICLE PARTS/ACCESSORIES;;;;;[43.073076364968415, -87.93190213224581];1555 W CHAMBERS ST
695;90380087;02/07/2009;04:21 PM;5.0;THEFT OF MOTOR VEHICLE PARTS/ACCESSORIES;;;;;[43.08527303886542, -87.89510086066713];1200 E SINGER CR
696;90380090;02/07/2009;04:30 PM;5.0;THEFT OF MOTOR VEHICLE PARTS/ACCESSORIES;;;;;[43.072094460470744, -87.92813263627446];1318 W GROELING AV
697;90380096;02/07/2009;05:15 PM;5.0;THEFT OF MOTOR VEHICLE PARTS/ACCESSORIES;;;;;[43.08941049567216, -87.93099058673322];1601 W CAPITOL DR
698;90370043;02/06/2009;09:23 AM;1.0;THEFT OF MOTOR VEHICLE PARTS/ACCESSORIES;;;;;[43.060214474032094, -87.9045615];521 E NORTH AV
699;90360042;02/05/2009;12:25 PM;5.0;THEFT FROM MOTOR VEHICLE;;;;;[43.07812979516996, -87.92486552842075];3266 N 11TH ST
700;90360044;02/05/2009;01:12 PM;5.0;THEFT OF MOTOR VEHICLE PARTS/ACCESSORIES;;;;;[43.06976694033121, -87.91550909983229];2821 N 4TH ST
701;90360046;02/05/2009;01:20 PM;5.0;THEFT OF MOTOR VEHICLE PARTS/ACCESSORIES;;;;;[43.0757642828207, -87.90646009925536];3143 N BUFFUM ST
702;90360058;02/05/2009;02:50 PM;5.0;THEFT OF MOTOR VEHICLE PARTS/ACCESSORIES;;;;;[43.0860326634295, -87.90484339965641];3810 N HOLTON ST
703;90360073;02/05/2009;04:25 PM;5.0;THEFT OF MOTOR VEHICLE PARTS/ACCESSORIES;;;;;[43.07583605245543, -87.90516639353127];3148 N HOLTON ST
704;90360077;02/05/2009;04:46 PM;1.0;THEFT OF MOTOR VEHICLE PARTS/ACCESSORIES;;;;;[43.06035847547609, -87.91404328681696];2300 N MARTIN L KING JR DR
705;90350043;02/04/2009;11:30 AM;5.0;THEFT OF MOTOR VEHICLE PARTS/ACCESSORIES;;;;;[43.069303643512676, -87.91420898512608];309 W HADLEY ST
706;90340018;02/03/2009;07:46 AM;1.0;THEFT FROM MOTOR VEHICLE;;;;;[43.055639161809694, -87.90830289353127];1924 N HUBBARD ST
707;90340048;02/03/2009;10:41 AM;5.0;THEFT OF MOTOR VEHICLE PARTS/ACCESSORIES;;;;;[43.07478546047074, -87.9062625];400 E BURLEIGH ST
708;90340134;02/03/2009;10:27 PM;5.0;THEFT OF MOTOR VEHICLE PARTS/ACCESSORIES;;;;;[43.079464005828385, -87.92240809925535];3327 N 9TH ST
709;90330073;02/02/2009;11:20 AM;1.0;THEFT OF MOTOR VEHICLE PARTS/ACCESSORIES;;;;;[43.06608841326678, -87.91099240074465];2612 N 1ST ST
710;90590079;02/28/2009;04:10 PM;5.0;THEFT OF MOTOR VEHICLE PARTS/ACCESSORIES;;;;;[43.085367754371276, -87.94583862479058];3729 N 26TH ST
711;90590098;02/28/2009;05:50 PM;7.0;THEFT OF MOTOR VEHICLE PARTS/ACCESSORIES;;;;;[43.101197664723884, -87.9667223280341];4616 N SHERMAN BL
712;90590110;02/28/2009;07:58 PM;7.0;THEFT OF MOTOR VEHICLE PARTS/ACCESSORIES;;;;;[43.07525320049024, -87.96721501725636];3100 N SHERMAN BL
713;90580140;02/27/2009;11:30 PM;7.0;THEFT OF MOTOR VEHICLE PARTS/ACCESSORIES;;;;;[43.07693251333925, -87.96805294166698];4353 W AUER AV
714;90570019;02/26/2009;06:11 AM;7.0;THEFT OF MOTOR VEHICLE PARTS/ACCESSORIES;;;;;[43.10733524562872, -87.98499286799604];4934 N 58TH ST
715;90570031;02/26/2009;08:50 AM;7.0;THEFT FROM MOTOR VEHICLE;;;;;[43.07682641909517, -87.9737786281088];3179 N 48TH ST
716;90560122;02/25/2009;07:10 PM;7.0;THEFT OF MOTOR VEHICLE PARTS/ACCESSORIES;;;;;[43.098686664723886, -87.98670234967419];4462 N 60TH ST
717;90550030;02/24/2009;09:09 AM;7.0;THEFT OF MOTOR VEHICLE PARTS/ACCESSORIES;;;;;[43.06882469608749, -87.96998158093349];2739 N 45TH ST
718;90550043;02/24/2009;10:43 AM;5.0;THEFT FROM MOTOR VEHICLE;;;;;[43.084826245628705, -87.94577437189119];3700 N 26TH ST
719;90550049;02/24/2009;11:31 AM;7.0;THEFT OF MOTOR VEHICLE PARTS/ACCESSORIES;;;;;[43.089057282820704, -87.95957760257359];3959 N 37TH ST
720;90540026;02/23/2009;07:41 AM;7.0;THEFT FROM MOTOR VEHICLE;;;;;[43.09135791061239, -87.95865859106105];4065 N MONTREAL ST
721;90530033;02/22/2009;09:47 AM;7.0;THEFT OF MOTOR VEHICLE PARTS/ACCESSORIES;;;;;[43.07589058673324, -87.94976113200394];3125 N 29TH ST
722;90520073;02/21/2009;11:45 AM;7.0;THEFT OF MOTOR VEHICLE PARTS/ACCESSORIES;;;;;[43.09134408964741, -87.96532007761527];4067 N 42ND ST
723;90500021;02/19/2009;05:19 AM;7.0;THEFT FROM MOTOR VEHICLE;;;;;[43.08473666472386, -87.97834485356933];3714 N 52ND ST
724;90500042;02/19/2009;09:52 AM;7.0;THEFT OF MOTOR VEHICLE PARTS/ACCESSORIES;;;;;[43.08971557608857, -87.96727853522235];4301 W CAPITOL DR
725;90490045;02/18/2009;11:44 AM;5.0;THEFT OF MOTOR VEHICLE PARTS/ACCESSORIES;;;;;[43.076015884817366, -87.94348441185313];3136 N 24TH PL
726;90490092;02/18/2009;04:00 PM;7.0;THEFT OF MOTOR VEHICLE PARTS/ACCESSORIES;;;;;[43.072676884817355, -87.96207594460172];2952 N 39TH ST
727;90490151;02/18/2009;10:36 PM;7.0;THEFT OF MOTOR VEHICLE PARTS/ACCESSORIES;;;;;[43.07668124562872, -87.9709644190665];3168 N 46TH ST
728;90480123;02/17/2009;05:11 PM;7.0;THEFT OF MOTOR VEHICLE PARTS/ACCESSORIES;;;;;[43.1020529686364, -87.95671538631792];4660 N 35TH ST
729;90470096;02/16/2009;05:10 PM;7.0;THEFT OF MOTOR VEHICLE PARTS/ACCESSORIES;;;;;[43.07608724562871, -87.94728057372015];3139 N 27TH ST
730;90470141;02/16/2009;11:12 PM;7.0;THEFT OF MOTOR VEHICLE PARTS/ACCESSORIES;;;;;[43.07668124562872, -87.9709644190665];3168 N 46TH ST
731;90460057;02/15/2009;12:02 PM;7.0;THEFT OF MOTOR VEHICLE PARTS/ACCESSORIES;;;;;[43.081243994171615, -87.95844905539828];3403 N 36TH ST
732;90460077;02/15/2009;01:57 PM;7.0;THEFT OF MOTOR VEHICLE PARTS/ACCESSORIES;;;;;[43.100109586733225, -87.95923910646873];4555 N 37TH ST
733;90450092;02/14/2009;02:51 PM;7.0;THEFT OF MOTOR VEHICLE PARTS/ACCESSORIES;;;;;[43.075254518754555, -87.97121983236194];4600 W BURLEIGH ST
734;90440043;02/13/2009;09:06 AM;7.0;THEFT OF MOTOR VEHICLE PARTS/ACCESSORIES;;;;;[43.09327816763806, -87.96843633135234];4176 N 44TH ST
735;90440047;02/13/2009;09:46 AM;7.0;THEFT OF MOTOR VEHICLE PARTS/ACCESSORIES;;;;;[43.08010283819033, -87.96226107372014];3343 N 39TH ST
736;90440055;02/13/2009;10:36 AM;7.0;THEFT FROM MOTOR VEHICLE;;;;;[43.099167317922756, -87.95809358165013];4509 N 36TH ST #APT8
737;90440059;02/13/2009;12:10 PM;7.0;THEFT OF MOTOR VEHICLE PARTS/ACCESSORIES;;;;;[43.074819754371276, -87.94977807372014];3065 N 29TH ST
738;90430020;02/12/2009;06:36 AM;7.0;THEFT FROM MOTOR VEHICLE;;;;;[43.07589058673324, -87.94976113200394];3125 N 29TH ST
739;90430049;02/12/2009;10:49 AM;7.0;THEFT OF MOTOR VEHICLE PARTS/ACCESSORIES;;;;;[43.08602615258066, -87.96210297059054];3800 N 39TH ST
740;90430057;02/12/2009;11:37 AM;7.0;THEFT OF MOTOR VEHICLE PARTS/ACCESSORIES;;;;;[43.08368411518265, -87.98570856261163];3609 N 58TH BL
741;90430075;02/12/2009;01:29 PM;7.0;THEFT OF MOTOR VEHICLE PARTS/ACCESSORIES;;;;;[43.083059517795, -87.96733561555783];4300 W FOND DU LAC AV
742;90430090;02/12/2009;03:06 PM;7.0;THEFT OF MOTOR VEHICLE PARTS/ACCESSORIES;;;;;[43.08035467055225, -87.95962963200395];3357 N 37TH ST
743;90430121;02/12/2009;05:57 PM;7.0;THEFT OF MOTOR VEHICLE PARTS/ACCESSORIES;;;;;[43.08885933527614, -87.96420065753918];3939 N 41ST ST
744;90430123;02/12/2009;06:28 PM;7.0;THEFT OF MOTOR VEHICLE PARTS/ACCESSORIES;;;;;[43.07405458673321, -87.96093110646872];3031 N 38TH ST
745;90430137;02/12/2009;07:35 PM;7.0;THEFT FROM MOTOR VEHICLE;;;;;[43.07162061020137, -87.95746582761629];3500 W LOCUST ST
746;90420045;02/11/2009;09:35 AM;7.0;THEFT OF MOTOR VEHICLE PARTS/ACCESSORIES;;;;;[43.08099207799066, -87.97718590795799];3384 N 51ST BL
747;90420094;02/11/2009;01:41 PM;5.0;THEFT OF MOTOR VEHICLE PARTS/ACCESSORIES;;;;;[43.07180430391253, -87.94110339353128];2912 N 23RD ST
748;90420110;02/11/2009;03:25 PM;7.0;THEFT OF MOTOR VEHICLE PARTS/ACCESSORIES;;;;;[43.10000105245544, -87.97320241459444];4550 N 48TH ST
749;90420116;02/11/2009;03:46 PM;7.0;THEFT OF MOTOR VEHICLE PARTS/ACCESSORIES;;;;;[43.07997544463038, -87.97477909925536];3335 N 49TH ST
750;90420130;02/11/2009;04:44 PM;5.0;THEFT OF MOTOR VEHICLE PARTS/ACCESSORIES;;;;;[43.07375792200935, -87.94114813200395];3019 N 23RD ST
751;90410003;02/10/2009;12:23 AM;7.0;THEFT OF MOTOR VEHICLE PARTS/ACCESSORIES;;;;;[43.07692945158396, -87.95944045848019];3626 W FOND DU LAC AV
752;90410042;02/10/2009;11:01 AM;7.0;THEFT OF MOTOR VEHICLE PARTS/ACCESSORIES;;;;;[43.104552064456605, -87.9809413270996];5433 W HAMPTON AV
753;90410064;02/10/2009;01:44 PM;7.0;THEFT OF MOTOR VEHICLE PARTS/ACCESSORIES;;;;;[43.079027229466234, -87.96872556305132];4409 W CONCORDIA AV
754;90410076;02/10/2009;02:57 PM;7.0;THEFT OF MOTOR VEHICLE PARTS/ACCESSORIES;;;;;[43.07236216763806, -87.95857760646872];2937 N 36TH ST
755;90410085;02/10/2009;04:22 PM;7.0;THEFT OF MOTOR VEHICLE PARTS/ACCESSORIES;;;;;[43.07198327699231, -87.95857760646872];2919 N 36TH ST
756;90400019;02/09/2009;05:58 AM;7.0;THEFT OF MOTOR VEHICLE PARTS/ACCESSORIES;;;;;[43.084503167638076, -87.957199092042];3701 N 35TH ST
757;90400087;02/09/2009;04:29 PM;5.0;THEFT OF MOTOR VEHICLE PARTS/ACCESSORIES;;;;;[43.06973548600598, -87.94561033236194];2520 W HADLEY ST #A
758;90390015;02/08/2009;02:39 AM;7.0;THEFT FROM MOTOR VEHICLE;;;;;[43.07522646047074, -87.95595166763806];3328 W BURLEIGH ST
759;90390045;02/08/2009;09:07 AM;7.0;THEFT OF MOTOR VEHICLE PARTS/ACCESSORIES;;;;;[43.07862683819033, -87.94970059925535];3275 N 29TH ST
760;90390082;02/08/2009;01:22 PM;5.0;THEFT OF MOTOR VEHICLE PARTS/ACCESSORIES;;;;;[43.08060532944776, -87.9471234190665];3366 N 27TH ST
761;90380039;02/07/2009;08:47 AM;7.0;THEFT FROM MOTOR VEHICLE;;;;;[43.09172257256631, -87.96117425356323];4111 N ELMHURST RD
762;90370085;02/06/2009;04:05 PM;7.0;THEFT OF MOTOR VEHICLE PARTS/ACCESSORIES;;;;;[43.088543664723886, -87.964122407958];3928 N 41ST ST
763;90360031;02/05/2009;10:43 AM;7.0;THEFT FROM MOTOR VEHICLE;;;;;[43.08997224666981, -87.9642287466698];4100 W CAPITOL DR
764;90360087;02/05/2009;05:57 PM;7.0;THEFT OF MOTOR VEHICLE PARTS/ACCESSORIES;;;;;[43.08799207825045, -87.97404063393718];4847 W FOND DU LAC AV
765;90360129;02/05/2009;10:43 PM;7.0;THEFT OF MOTOR VEHICLE PARTS/ACCESSORIES;;;;;[43.07469283236193, -87.9484959190665];3060 N 28TH ST
766;90350041;02/04/2009;11:18 AM;7.0;THEFT OF MOTOR VEHICLE PARTS/ACCESSORIES;;;;;[43.078437335276135, -87.96325161368208];3265 N 40TH ST
767;90350053;02/04/2009;12:38 PM;7.0;THEFT FROM MOTOR VEHICLE;;;;;[43.09830083819031, -87.96281809925536];4455 N 40TH ST
768;90340040;02/03/2009;11:44 AM;7.0;THEFT OF MOTOR VEHICLE PARTS/ACCESSORIES;;;;;[43.083700943360974, -87.96853124037725];4401 W FOND DU LAC AV
769;90340139;02/03/2009;11:15 PM;7.0;THEFT OF MOTOR VEHICLE PARTS/ACCESSORIES;;;;;[43.075682413266776, -87.9632064190665];3120 N 40TH ST
770;90330057;02/02/2009;10:34 AM;7.0;THEFT OF MOTOR VEHICLE PARTS/ACCESSORIES;;;;;[43.08973449567217, -87.94874266763806];2815 W CAPITOL DR
771;90330067;02/02/2009;11:02 AM;7.0;THEFT OF MOTOR VEHICLE PARTS/ACCESSORIES;;;;;[43.08921866472389, -87.96412485356933];3956 N 41ST ST
772;90330072;02/02/2009;11:19 AM;7.0;THEFT OF MOTOR VEHICLE PARTS/ACCESSORIES;;;;;[43.08585442492355, -87.98213060646873];3765 N 55TH ST
773;90330076;02/02/2009;11:41 AM;7.0;THEFT OF MOTOR VEHICLE PARTS/ACCESSORIES;;;;;[43.072237005828384, -87.9621605809335];2931 N 39TH ST
774;90330079;02/02/2009;11:51 AM;7.0;THEFT OF MOTOR VEHICLE PARTS/ACCESSORIES;;;;;[43.09805599417163, -87.9639253607827];4440 N 41ST ST
775;90330187;02/02/2009;09:51 PM;5.0;THEFT FROM MOTOR VEHICLE;;;;;[43.07517449321933, -87.94250147155059];2400 W BURLEIGH ST
776;90330191;02/02/2009;10:27 PM;7.0;THEFT OF MOTOR VEHICLE PARTS/ACCESSORIES;;;;;[43.07269558673323, -87.96992113200395];2951 N 45TH ST
777;90320048;02/01/2009;09:56 AM;7.0;THEFT OF MOTOR VEHICLE PARTS/ACCESSORIES;;;;;[43.08047932944774, -87.95955488631792];3362 N 37TH ST
778;90320124;02/01/2009;07:35 PM;7.0;THEFT OF MOTOR VEHICLE PARTS/ACCESSORIES;;;;;[43.10062141326679, -87.95915438631792];4578 N 37TH ST
779;90590032;02/28/2009;09:36 AM;6.0;THEFT OF MOTOR VEHICLE PARTS/ACCESSORIES;;;;;[43.013349419095164, -87.95158010646873];1633 S 30TH ST
780;90580110;02/27/2009;07:09 PM;6.0;THEFT OF MOTOR VEHICLE PARTS/ACCESSORIES;;;;;[43.02162162564943, -87.95894525124852];3600 W NATIONAL AV
781;90570052;02/26/2009;11:46 AM;6.0;THEFT OF MOTOR VEHICLE PARTS/ACCESSORIES;;;;;[43.01020747215616, -87.96465402844942];4000 W BURNHAM ST
782;90570059;02/26/2009;12:45 PM;6.0;THEFT OF MOTOR VEHICLE PARTS/ACCESSORIES;;;;;[43.02112447489747, -87.93974283527612];2100 W MINERAL ST
783;90570063;02/26/2009;12:37 PM;6.0;THEFT FROM BUILDING;;;;;[43.02010791618096, -87.95258854097155];1039 S 31ST ST
784;90570079;02/26/2009;02:56 PM;6.0;THEFT OF MOTOR VEHICLE PARTS/ACCESSORIES;;;;;[42.99349639355992, -87.95677009925535];2819 S 34TH ST
785;90560073;02/25/2009;12:50 PM;6.0;THEFT FROM MOTOR VEHICLE;;;;;[43.014715973079795, -87.94795009377276];1545 S LAYTON BL
786;90560137;02/25/2009;09:20 PM;6.0;THEFT FROM MOTOR VEHICLE;;;;;[43.02098056308865, -87.94685689751762];2635 W MINERAL ST
787;90550023;02/24/2009;08:23 AM;6.0;THEFT OF MOTOR VEHICLE PARTS/ACCESSORIES;;;;;[43.03135846840618, -87.93513344445749];1721 W CANAL ST
788;90550067;02/24/2009;01:00 PM;6.0;THEFT FROM MOTOR VEHICLE;;;;;[43.02225347741221, -87.94796368275098];2700 W NATIONAL AV
789;90540104;02/23/2009;02:43 PM;6.0;THEFT OF MOTOR VEHICLE PARTS/ACCESSORIES;;;;;[43.00556859813018, -87.94032558647342];2114 W FOREST HOME AV
790;90540150;02/23/2009;06:50 PM;6.0;THEFT FROM MOTOR VEHICLE;;;;;[42.995830506780685, -87.9489312485429];2727 W CLEVELAND AV
791;90520070;02/21/2009;11:23 AM;6.0;THEFT FROM MOTOR VEHICLE;;;;;[42.98992258673323, -87.96910901543632];3009 S 44TH ST
792;90510088;02/20/2009;04:56 PM;6.0;THEFT OF MOTOR VEHICLE PARTS/ACCESSORIES;;;;;[43.00515841326677, -87.94649646681872];2174 S 26TH ST
793;90500050;02/19/2009;09:42 AM;6.0;THEFT FROM MOTOR VEHICLE;;;;;[43.02100808381903, -87.95515107372015];929 S 33RD ST
794;90500071;02/19/2009;01:39 PM;6.0;THEFT OF MOTOR VEHICLE PARTS/ACCESSORIES;;;;;[43.01897247879261, -87.960771];3722 W SCOTT ST
795;90490057;02/18/2009;12:38 PM;6.0;THEFT FROM MOTOR VEHICLE;;;;;[43.00600838686617, -87.93937970534965];2037 W FOREST HOME AV
796;90490069;02/18/2009;11:26 AM;6.0;THEFT FROM BUILDING;;;;;[43.02273613627446, -87.95028754818492];807 S 29TH ST
797;90490141;02/18/2009;09:24 PM;6.0;THEFT OF MOTOR VEHICLE PARTS/ACCESSORIES;;;;;[43.00831618734492, -87.95891597013694];2002 S 36TH ST
798;90480107;02/17/2009;04:12 PM;6.0;THEFT FROM MOTOR VEHICLE;;;;;[42.98940816345446, -87.96718476406615];4209 W FOREST HOME AV
799;90480121;02/17/2009;05:04 PM;6.0;THEFT OF MOTOR VEHICLE PARTS/ACCESSORIES;;;;;[43.02083691618097, -87.95383495181508];1002 S 32ND ST
800;90480154;02/17/2009;08:44 PM;6.0;THEFT OF MOTOR VEHICLE PARTS/ACCESSORIES;;;;;[43.02385470364712, -87.94792756010713];729 S LAYTON BL
801;90480166;02/17/2009;10:57 PM;6.0;THEFT FROM MOTOR VEHICLE;;;;;[43.01694247403209, -87.94754983236193];2635 W GREENFIELD AV #2
802;90480167;02/17/2009;10:59 PM;6.0;THEFT OF MOTOR VEHICLE PARTS/ACCESSORIES;;;;;[43.01694247403209, -87.94754983236193];2635 W GREENFIELD AV #2
803;90470026;02/16/2009;08:20 AM;6.0;THEFT FROM MOTOR VEHICLE;;;;;[42.991677115182654, -87.97652157372015];2913 S 50TH ST
804;90460039;02/15/2009;08:32 AM;6.0;THEFT FROM MOTOR VEHICLE;;;;;[42.99116664057363, -87.97526395181508];2938 S 49TH ST
805;90460047;02/15/2009;09:51 AM;6.0;THEFT FROM MOTOR VEHICLE;;;;;[42.990767161809686, -87.97773542627985];2956 S 51ST ST
806;90450085;02/14/2009;02:07 PM;6.0;THEFT FROM MOTOR VEHICLE;;;;;[43.0062267714109, -87.93919613034025];2036 W FOREST HOME AV
807;90450165;02/14/2009;10:07 PM;6.0;THEFT FROM MOTOR VEHICLE;DESTRUCTION/DAMAGE/VANDALISM OF PROPERTY;;;;[42.993151994171626, -87.97520244460172];2828 S 49TH ST
808;90430040;02/12/2009;09:37 AM;6.0;THEFT FROM MOTOR VEHICLE;;;;;[43.03135846840618, -87.93513344445749];1721 W CANAL ST
809;90430044;02/12/2009;10:09 AM;6.0;THEFT FROM MOTOR VEHICLE;;;;;[43.03135846840618, -87.93513344445749];1721 W CANAL ST
810;90430126;02/12/2009;06:52 PM;6.0;THEFT OF MOTOR VEHICLE PARTS/ACCESSORIES;;;;;[43.006480994171625, -87.9540849190665];2100 S 32ND ST
811;90410074;02/10/2009;02:45 PM;6.0;THEFT OF MOTOR VEHICLE PARTS/ACCESSORIES;;;;;[43.0031085212074, -87.95195958090484];3003 W LINCOLN AV
812;90400048;02/09/2009;11:56 AM;6.0;THEFT OF MOTOR VEHICLE PARTS/ACCESSORIES;;;;;[43.02276397390614, -87.94767265174539];800 S LAYTON BL
813;90400050;02/09/2009;12:03 PM;6.0;THEFT OF MOTOR VEHICLE PARTS/ACCESSORIES;;;;;[43.00676719178832, -87.95784155539828];2079 S 35TH ST
814;90400079;02/09/2009;03:17 PM;6.0;THEFT OF MOTOR VEHICLE PARTS/ACCESSORIES;;;;;[43.02325867055225, -87.94223005929342];741 S 23RD ST
815;90400126;02/09/2009;07:32 PM;6.0;THEFT OF MOTOR VEHICLE PARTS/ACCESSORIES;;;;;[43.02149855006085, -87.95941977976229];3615 W NATIONAL AV
816;90400134;02/09/2009;06:56 PM;6.0;THEFT FROM BUILDING;;;;;[43.01450103136361, -87.9515575226497];1567 S 30TH ST
817;90390054;02/08/2009;10:10 AM;6.0;THEFT FROM MOTOR VEHICLE;;;;;[42.99485441909516, -87.97400059925536];2733 S 48TH ST
818;90390122;02/08/2009;03:46 PM;6.0;THEFT FROM BUILDING;;;;;[43.009505413266794, -87.95035591185312];1936 S 29TH ST
819;90380037;02/07/2009;08:46 AM;6.0;THEFT FROM MOTOR VEHICLE;;;;;[43.025648524456976, -87.94900543793946];600 S 28TH ST
820;90380118;02/07/2009;08:21 PM;6.0;THEFT FROM MOTOR VEHICLE;;;;;[42.99517858673323, -87.97274959925535];2719 S 47TH ST
821;90380122;02/07/2009;09:06 PM;6.0;THEFT FROM MOTOR VEHICLE;;;;;[42.99453841326678, -87.97517544460172];2748 S 49TH ST
822;90370056;02/06/2009;11:53 AM;6.0;THEFT OF MOTOR VEHICLE PARTS/ACCESSORIES;;;;;[43.00479633190059, -87.94166050124075];2203 W FOREST HOME AV
823;90360060;02/05/2009;03:08 PM;6.0;THEFT FROM MOTOR VEHICLE;;;;;[43.02173456116934, -87.95531137898898];3303 W NATIONAL AV
824;90340050;02/03/2009;12:48 PM;6.0;THEFT FROM MOTOR VEHICLE;;;;;[43.02425247157926, -87.9354233068267];1740 W PIERCE ST
825;90330023;02/02/2009;06:30 AM;6.0;THEFT OF MOTOR VEHICLE PARTS/ACCESSORIES;;;;;[43.00917238135493, -87.9409931465749];1959 S MUSKEGO AV
826;90330040;02/02/2009;08:58 AM;6.0;THEFT FROM MOTOR VEHICLE;;;;;[43.01070053678796, -87.9382131369956];1817 S PEARL ST
827;90330160;02/02/2009;06:50 PM;6.0;THEFT OF MOTOR VEHICLE PARTS/ACCESSORIES;;;;;[43.01663283833858, -87.9463046516818];1432 S 26TH ST
828;90320067;02/01/2009;12:29 PM;6.0;THEFT OF MOTOR VEHICLE PARTS/ACCESSORIES;;;;;[43.00395283236193, -87.95044238631792];2240 S 29TH ST
829;90320081;02/01/2009;02:24 PM;6.0;THEFT FROM MOTOR VEHICLE;;;;;[42.98764533527614, -87.94948107372015];3137 S 28TH ST
830;90590092;02/28/2009;05:10 PM;4.0;THEFT OF MOTOR VEHICLE PARTS/ACCESSORIES;;;;;[43.18847728492778, -87.99662390657302];6975 W GLENBROOK RD
831;90570111;02/26/2009;06:38 PM;4.0;THEFT OF MOTOR VEHICLE PARTS/ACCESSORIES;;;;;[43.18271848098565, -88.002626059409];9001 N 75TH ST
832;90560065;02/25/2009;11:50 AM;4.0;THEFT OF MOTOR VEHICLE PARTS/ACCESSORIES;;;;;[43.177628641297225, -88.01567364129723];8501 W BROWN DEER RD
833;90560083;02/25/2009;02:26 PM;4.0;THEFT OF MOTOR VEHICLE PARTS/ACCESSORIES;;;;;[43.11750139520927, -87.99100315269817];5460 N 64TH ST
834;90550037;02/24/2009;09:52 AM;4.0;THEFT OF MOTOR VEHICLE PARTS/ACCESSORIES;;;;;[43.14001503136362, -88.0065316392173];6715 N 77TH ST
835;90540122;02/23/2009;04:27 PM;4.0;THEFT FROM MOTOR VEHICLE;;;;;[43.178016031295606, -88.01063099094726];8110 W BROWN DEER RD
836;90520097;02/21/2009;04:13 PM;4.0;THEFT FROM BUILDING;;;;;[43.176528670552244, -87.99950116807075];8661 N 72ND ST
837;90510083;02/20/2009;04:34 PM;4.0;THEFT OF MOTOR VEHICLE PARTS/ACCESSORIES;;;;;[43.14019466472388, -87.98438632356205];6740 N 58TH ST
838;90510097;02/20/2009;05:43 PM;4.0;THEFT FROM MOTOR VEHICLE;;;;;[43.1651635171671, -88.01031077699231];8000 W TOWER AV
839;90510109;02/20/2009;06:50 PM;4.0;THEFT FROM MOTOR VEHICLE;;;;;[43.14851747215805, -87.99870020197412];7101 W GOOD HOPE RD
840;90470053;02/16/2009;12:55 PM;4.0;THEFT OF MOTOR VEHICLE PARTS/ACCESSORIES;;;;;[43.17170054342441, -88.005829977783];7601 W DONNA CT
841;90470143;02/16/2009;11:34 PM;4.0;THEFT OF MOTOR VEHICLE PARTS/ACCESSORIES;;;;;[43.17917385142419, -88.02434134668115];8883 N SWAN RD #H
842;90460037;02/15/2009;07:46 AM;4.0;THEFT OF MOTOR VEHICLE PARTS/ACCESSORIES;;;;;[43.17782148268776, -88.0270123097409];9324 W BROWN DEER RD
843;90440070;02/13/2009;01:30 PM;4.0;THEFT OF MOTOR VEHICLE PARTS/ACCESSORIES;;;;;[43.182236608113506, -88.02836231891615];9071 N 95TH ST
844;90450002;02/13/2009;11:55 PM;4.0;THEFT FROM MOTOR VEHICLE;;;;;[43.15299505384042, -88.00501642671348];7440 N 76TH ST
845;90430028;02/12/2009;08:11 AM;4.0;THEFT FROM MOTOR VEHICLE;;;;;[43.16680274585845, -88.04452802917845];8199 N 107TH ST
846;90430037;02/12/2009;07:12 AM;4.0;THEFT FROM MOTOR VEHICLE;;;;;[43.16680274585845, -88.04452802917845];8199-A N 107TH ST
847;90430099;02/12/2009;10:17 AM;4.0;THEFT FROM MOTOR VEHICLE;;;;;[43.160087733567934, -88.00467247230132];7800 N 76TH ST
848;90430107;02/12/2009;04:53 PM;4.0;THEFT FROM MOTOR VEHICLE;;;;;[43.16680274585845, -88.04452802917845];8199 N 107TH ST
849;90420047;02/11/2009;09:12 AM;4.0;THEFT FROM BUILDING;;;;;[43.163180469560025, -88.01535272592187];8415 W BRADLEY RD
850;90420060;02/11/2009;11:21 AM;4.0;THEFT OF MOTOR VEHICLE PARTS/ACCESSORIES;;;;;[43.18429165336974, -88.00288984663027];9099 N 75TH ST
851;90410024;02/10/2009;08:32 AM;4.0;THEFT OF MOTOR VEHICLE PARTS/ACCESSORIES;;;;;[43.18757708316471, -88.00252101260152];9265 N 75TH ST
852;90410106;02/10/2009;06:47 PM;4.0;THEFT OF MOTOR VEHICLE PARTS/ACCESSORIES;;;;;[43.17026448990112, -88.03963286081135];10300 W DEAN RD
853;90400051;02/09/2009;12:06 PM;4.0;THEFT OF MOTOR VEHICLE PARTS/ACCESSORIES;;;;;[43.185478514483044, -88.01413443835933];9248 N JADAM LA
854;90400094;02/09/2009;04:59 PM;4.0;THEFT OF MOTOR VEHICLE PARTS/ACCESSORIES;;;;;[43.18134371218763, -88.03176066573347];8947 N 96TH ST
855;90380085;02/07/2009;04:02 PM;4.0;THEFT OF MOTOR VEHICLE PARTS/ACCESSORIES;;;;;[43.13482194425502, -88.00562284678959];6406 N 76TH ST
856;90360027;02/05/2009;10:10 AM;4.0;THEFT OF MOTOR VEHICLE PARTS/ACCESSORIES;;;;;[43.13428947879262, -88.01465425145709];8250 W MILL RD
857;90360125;02/05/2009;10:13 PM;4.0;THEFT FROM MOTOR VEHICLE;;;;;[43.13789675659315, -88.00763185175643];7800 W ACACIA ST
858;90350064;02/04/2009;02:00 PM;4.0;THEFT OF MOTOR VEHICLE PARTS/ACCESSORIES;;;;;[43.11996648903573, -87.98376774314721];5625 N 57TH ST
859;90340090;02/03/2009;05:29 PM;4.0;THEFT OF MOTOR VEHICLE PARTS/ACCESSORIES;;;;;[43.13803583819032, -87.9807801719659];6621 N 55TH ST
860;90330039;02/02/2009;08:48 AM;4.0;THEFT OF MOTOR VEHICLE PARTS/ACCESSORIES;;;;;[43.123591424923546, -87.98728905871648];5831 N 61ST ST
861;90330125;02/02/2009;03:55 PM;4.0;THEFT OF MOTOR VEHICLE PARTS/ACCESSORIES;;;;;[43.15696146572222, -88.00654637520941];7642 N 78TH ST
862;90330144;02/02/2009;05:29 PM;4.0;THEFT OF MOTOR VEHICLE PARTS/ACCESSORIES;;;;;[43.11331216763807, -87.97260118307439];5261 N 48TH ST
